,01 - Sanfo (2021),02 - Garrouste (2011),03 - Lee et Rudolf (2022),04 - Salah et Saxena (2025),"05 - Sanfo et al., (2024)","06 - Kuecken et al., (2013)",07 - Frölich et Michaelowa (2011),08 - Zuze et Leibbrandt (2010),"09 - Fehrler et al., (2009)","10 - Kadio et al., (2022)","11 - Kazima et al., (2022)",12 - Hanchane et Kadio (2022),13 - Valente (2019),14 - Atuhurra (2016),15 - Taylor et Spaull (2015),16 - Kazima (2014),17 - Mioko et Cappelle (2015),18 - Spaull et Taylor (2015),19 - Murimba (2005),20 - Dolata (2008),21 - Sandefur (2017),22 - Dieng et Sy (2020),23 - Mafang et al. (2022),24 - Spaul (2011),25 - Yu et Thomas (2008),26 - Bennell (2023),"27 - Paviot et al., (2008)",28 - Hungi et Thuku (2009),29 - Taniguchi (2022),30 - Smith et Barrett (2010),31 - Crouch et al. (2021),"32 - Mulera et al., (2017)",33 - Kouakou et Yeo (2025),"34 - Armand et al., (2024)",35 - Sanfo (2023),36 - Mugendawala et Muijs (2020),37 - Oduol (2006),"38 - Lee et al., (2005)","39 - Kanyongo, et al., (2006)",40 - Nguemkap et Dieng (2022),41 - Medu et Rowlands (2022),"42 - Lee et al., (2021)",43 - Lassibille et Tan (2003),44 - Nguemkap (2023),45 - Kadio (2025),"46 - Ongo et al., (2022)",47 - Kadio (2022),48 - Bekkouche et Dupraz (2023),49 - Michelowa (2001),50 - Taniguchi (2024),"51 - Miningou et al., (2019)","52 - Avom et al., (2021)",53 - Figueiredo et Dieng (2016),54 - Kouamo (2024),"55 - Ishii et Ogawa, (2024)",56 - Servaas van der Berg (2008),57 - Wamala et Seruwagi (2012),"58 - Lee et al., (2018)",59 - Venkat et Spaull (2015),60 - Armstrong (2015),"61 - Conto et al., (2023)",62 - Sanfo (2020),63 - Foueka et Elomo (2022),64 - Kanyongo et Brown (2013),"65 - Bietenbeck et al., (2023)",66 - Bonnet (2009),"67 - Lauchande et al., (2017)",68 - Nafiou (2010),69 - Chudgar (2015),"70 - Dickerson et al., (2015)",71 - Kyei (2021),72 - Miningou (2022),73 - Zuze et Reddy (2014),74 - Barnett (2013),75 - Hossain et Bertta (2025),76 - Zhang (2006),77 - Sumida et Kawata (2021),78 - Burger (2011),79 - Foueka (2020),80 - Kanyongo et Ayieko (2017),81 - Spaull (2013),"82 - Rew et al., (2022)"
01 - Sanfo (2021),100.0,34.8,24.92,31.26,26.07,15.31,15.14,27.41,23.05,26.91,14.84,19.66,13.28,18.56,14.76,14.04,13.92,12.57,13.79,15.36,13.08,24.71,15.35,15.32,15.1,13.13,13.44,25.97,17.41,25.58,13.65,25.35,14.7,15.67,15.56,19.13,20.05,22.91,17.65,25.82,13.84,14.19,13.31,13.5,18.19,25.8,25.97,13.82,25.85,20.07,4.77,3.92,2.13,3.43,4.34,14.15,6.89,4.3,4.53,8.92,7.32,24.39,16.4,6.32,5.81,4.58,8.02,3.66,4.05,4.51,5.17,4.45,15.03,15.92,4.36,3.96,3.17,2.84,5.42,3.81,3.51,2.24
02 - Garrouste (2011),34.8,100.0,24.57,31.09,26.31,13.94,13.97,24.47,22.41,22.98,15.92,18.83,13.86,19.29,14.46,15.72,14.39,13.56,13.46,15.65,13.87,21.74,14.89,16.07,14.8,13.06,14.15,22.63,17.81,22.89,13.35,22.47,13.83,15.36,13.73,14.6,20.99,25.26,17.8,25.39,16.47,14.04,14.3,15.98,16.78,24.6,23.05,14.73,21.22,21.62,4.08,2.21,3.25,3.05,3.42,12.61,6.82,3.93,4.64,10.44,5.93,11.68,12.23,10.53,4.81,3.8,7.77,2.63,4.49,3.98,4.62,4.97,10.92,10.27,2.87,2.21,2.55,3.18,4.79,3.93,3.04,2.22
03 - Lee et Rudolf (2022),24.92,24.57,100.0,27.83,28.56,15.91,16.13,13.72,16.15,15.85,12.83,12.86,12.61,12.95,18.79,13.79,15.23,16.96,16.36,15.05,18.08,15.94,12.88,13.4,20.09,15.99,15.53,13.28,18.15,15.24,16.73,12.71,15.28,12.56,16.35,12.84,14.32,19.36,13.22,12.98,13.71,18.67,12.5,17.6,17.01,17.63,16.69,12.51,16.37,16.06,4.96,5.41,5.78,6.01,3.37,2.42,2.3,10.73,2.0,6.05,7.18,2.48,4.76,3.01,6.43,7.35,2.33,1.5,5.5,5.12,5.76,5.24,2.31,2.49,7.45,6.28,4.18,0.94,5.31,2.18,1.71,4.25
04 - Salah et Saxena (2025),31.26,31.09,27.83,100.0,30.88,18.59,18.19,19.51,22.17,22.05,15.07,17.33,14.56,20.68,20.42,14.67,18.32,16.34,16.44,19.07,16.61,20.07,15.21,19.81,20.09,18.49,17.53,19.76,26.93,21.74,16.76,18.47,19.68,14.6,17.11,15.05,17.95,22.64,22.31,19.93,15.04,18.48,12.86,17.7,23.34,22.67,26.11,13.61,20.74,27.41,8.42,9.28,5.48,8.64,7.63,7.86,9.86,7.05,3.92,9.58,14.65,7.6,11.87,4.8,7.95,6.41,6.41,3.46,8.93,7.93,13.59,10.85,7.99,7.55,12.38,7.31,7.87,2.87,12.89,5.28,2.8,8.0
"05 - Sanfo et al., (2024)",26.07,26.31,28.56,30.88,100.0,16.76,17.88,14.38,17.54,17.25,13.2,14.91,13.55,14.09,16.86,13.93,16.52,15.7,16.44,16.78,18.64,18.3,16.26,18.34,22.74,17.56,17.13,14.51,19.56,19.55,18.41,13.8,16.87,13.58,19.37,14.72,15.53,20.5,17.12,15.1,14.42,18.4,13.15,19.5,17.79,19.52,18.21,14.68,17.44,17.31,7.18,5.33,5.69,8.72,5.7,2.28,5.73,6.81,1.91,6.06,9.7,3.24,5.97,2.12,6.94,6.63,2.25,1.62,8.67,7.22,7.65,6.27,3.28,2.61,10.76,8.85,7.09,3.0,11.09,2.4,3.23,7.44
"06 - Kuecken et al., (2013)",15.31,13.94,15.91,18.59,16.76,100.0,34.42,26.76,31.1,16.02,12.51,14.49,13.22,13.33,18.26,12.52,18.12,19.3,16.34,17.59,15.14,15.93,12.77,16.75,17.88,15.74,16.19,13.5,17.49,17.41,15.59,13.75,15.56,15.36,15.57,13.04,13.74,15.87,13.77,13.45,12.99,15.68,14.63,15.91,16.08,16.0,18.53,13.07,18.38,17.07,6.22,4.86,5.21,5.53,3.58,2.7,2.06,7.86,3.59,5.77,5.28,2.74,5.86,4.19,4.84,6.29,2.4,2.75,6.38,8.86,5.43,6.53,2.22,1.97,7.25,5.77,6.37,2.43,6.13,4.91,4.86,5.27
07 - Frölich et Michaelowa (2011),15.14,13.97,16.13,18.19,17.88,34.42,100.0,27.53,29.97,18.64,13.72,14.51,13.8,13.37,17.07,13.23,15.26,16.83,15.32,16.85,16.0,15.77,13.89,15.51,16.93,15.94,15.79,13.53,19.04,16.74,16.89,13.25,16.68,22.66,17.24,12.75,14.05,16.29,14.4,12.52,13.66,16.37,13.12,17.86,17.83,15.98,17.07,14.06,18.27,16.97,5.25,6.24,4.85,5.79,3.91,2.44,2.44,5.22,3.08,6.84,6.41,3.41,6.11,4.03,5.31,6.81,3.92,2.31,8.16,6.9,5.61,6.41,2.85,2.54,5.86,6.92,5.4,1.87,6.1,2.58,3.07,5.0
08 - Zuze et Leibbrandt (2010),27.41,24.47,13.72,19.51,14.38,26.76,27.53,100.0,33.82,25.35,14.41,18.54,13.55,18.38,17.76,15.37,13.34,15.06,13.34,14.88,13.64,23.87,15.29,14.4,15.56,12.9,13.1,26.22,17.07,25.91,13.83,26.25,14.25,16.44,13.44,18.53,18.35,22.8,16.16,24.09,13.93,15.28,13.21,13.97,16.23,24.45,26.37,13.93,22.6,20.55,4.54,3.55,2.4,2.38,4.18,17.02,12.17,3.0,3.08,7.64,5.07,15.46,14.61,4.49,4.74,3.57,7.62,3.47,5.05,5.58,4.22,4.56,13.88,14.14,4.14,4.21,4.39,3.88,4.52,4.15,3.52,3.4
"09 - Fehrler et al., (2009)",23.05,22.41,16.15,22.17,17.54,31.1,29.97,33.82,100.0,24.14,15.26,18.57,16.49,17.75,16.82,15.41,16.89,16.7,16.3,17.57,16.77,21.58,12.96,15.03,18.03,17.39,16.44,18.86,21.61,22.9,16.31,20.22,22.07,16.81,16.05,14.35,18.37,24.56,17.37,19.84,13.9,17.57,12.83,16.26,19.82,23.68,24.35,14.24,22.53,22.3,7.83,6.75,6.02,8.21,3.07,9.76,5.39,7.37,3.92,10.84,8.45,11.12,13.62,5.77,8.24,7.39,6.77,3.02,7.38,7.51,6.7,8.23,9.08,8.18,6.62,6.41,5.92,2.65,7.59,3.34,2.79,5.01
"10 - Kadio et al., (2022)",26.91,22.98,15.85,22.05,17.25,16.02,18.64,25.35,24.14,100.0,25.41,35.54,25.03,29.49,27.86,26.72,17.11,15.55,16.33,18.38,16.66,28.65,14.09,13.58,18.37,16.61,16.55,24.67,21.04,28.93,17.81,24.63,16.52,15.63,18.2,15.14,18.45,25.57,16.29,24.88,13.48,16.2,15.12,19.46,20.83,28.74,35.18,14.4,26.22,22.19,7.38,6.34,6.99,5.29,4.14,15.51,5.75,5.83,2.96,10.13,7.98,14.69,17.86,2.82,7.12,6.52,7.36,2.54,7.64,6.95,7.36,6.86,15.28,13.37,6.98,6.69,5.89,2.45,7.62,3.46,2.98,6.35
"11 - Kazima et al., (2022)",14.84,15.92,12.83,15.07,13.2,12.51,13.72,14.41,15.26,25.41,100.0,25.23,26.21,27.1,25.74,42.91,13.63,13.47,14.37,12.38,13.68,13.28,14.47,13.91,13.66,13.65,13.35,13.11,15.27,14.17,12.74,18.37,13.73,15.36,12.87,14.23,14.56,13.28,13.78,13.19,15.64,13.98,12.27,12.54,14.91,13.97,13.52,15.89,13.52,14.34,3.68,2.9,2.84,3.18,4.11,2.71,3.88,2.99,4.54,4.8,3.67,3.24,3.65,5.35,3.54,13.91,5.0,2.17,3.79,4.01,1.58,3.57,3.14,8.87,2.22,2.61,2.12,1.55,2.93,2.8,2.19,1.98
12 - Hanchane et Kadio (2022),19.66,18.83,12.86,17.33,14.91,14.49,14.51,18.54,18.57,35.54,25.23,100.0,26.34,27.53,23.93,24.55,13.17,13.23,15.04,12.91,13.95,20.67,14.94,14.77,15.65,16.31,13.79,17.71,15.46,17.68,13.22,17.37,14.2,14.69,13.84,14.33,18.91,18.79,16.78,18.1,13.97,13.25,12.1,14.12,18.11,18.02,18.29,13.03,22.88,16.69,3.94,3.39,4.0,4.35,6.97,7.67,5.03,1.89,1.85,7.18,5.35,6.98,6.01,3.85,2.17,3.87,9.7,1.56,2.98,4.56,5.45,3.56,6.85,7.46,5.11,6.65,6.96,5.2,4.42,4.92,3.81,3.5
13 - Valente (2019),13.28,13.86,12.61,14.56,13.55,13.22,13.8,13.55,16.49,25.03,26.21,26.34,100.0,26.55,23.58,24.59,13.61,13.39,13.9,13.14,13.79,12.96,13.2,14.24,14.15,13.69,16.96,13.3,15.19,14.42,12.7,13.56,13.98,13.48,13.15,14.07,14.74,13.62,13.49,13.73,14.29,13.82,12.71,13.14,14.48,14.49,15.2,13.6,12.93,12.81,3.82,3.69,2.73,3.69,4.13,3.3,3.44,3.31,2.71,4.46,3.98,3.33,3.06,3.36,3.52,4.72,4.02,2.62,6.17,6.61,2.37,3.04,2.41,2.42,2.57,4.81,6.26,4.13,3.19,2.43,2.5,2.45
14 - Atuhurra (2016),18.56,19.29,12.95,20.68,14.09,13.33,13.37,18.38,17.75,29.49,27.1,27.53,26.55,100.0,25.92,26.4,16.04,13.9,13.55,14.21,13.32,16.37,15.43,15.22,17.67,13.8,15.48,26.14,18.15,18.83,12.99,18.26,13.76,14.64,13.97,14.8,22.67,17.82,16.65,17.18,13.49,13.77,14.78,14.39,17.14,17.84,19.77,14.09,17.51,19.35,3.96,4.25,3.09,4.5,4.61,7.5,5.82,3.71,4.05,5.58,5.77,6.2,6.33,3.64,5.21,4.03,5.45,2.54,3.31,4.98,5.02,5.13,6.8,8.08,5.62,4.61,4.05,3.75,4.5,8.09,4.97,2.86
15 - Taylor et Spaull (2015),14.76,14.46,18.79,20.42,16.86,18.26,17.07,17.76,16.82,27.86,25.74,23.93,23.58,25.92,100.0,26.57,15.86,20.81,17.85,15.98,18.86,15.55,14.15,14.34,18.68,16.93,21.68,13.75,17.59,17.39,27.99,13.58,18.57,13.82,16.18,13.15,13.23,16.69,13.72,13.75,13.21,16.64,12.97,16.02,19.66,16.88,19.21,13.78,16.32,16.84,9.24,7.01,8.07,5.27,3.0,5.99,2.11,5.6,5.28,5.84,5.59,1.79,6.8,2.18,4.57,5.58,3.46,1.25,5.33,7.14,5.61,9.83,3.67,4.23,5.62,6.43,6.39,1.96,7.13,2.62,2.2,5.19
16 - Kazima (2014),14.04,15.72,13.79,14.67,13.93,12.52,13.23,15.37,15.41,26.72,42.91,24.55,24.59,26.4,26.57,100.0,13.72,15.17,16.8,13.57,14.67,12.88,14.63,14.0,17.07,14.61,14.18,13.32,17.11,13.71,12.88,15.84,13.77,15.38,12.86,15.23,16.48,14.64,14.37,13.38,13.92,12.93,12.41,12.8,14.45,13.46,13.98,16.05,14.43,15.58,2.94,3.33,2.95,2.63,2.8,2.21,4.03,4.91,6.59,6.19,3.88,3.56,3.79,6.15,3.6,14.62,3.35,3.71,5.48,4.35,2.96,4.1,2.65,3.98,2.04,2.4,2.9,3.74,2.85,3.9,2.43,2.0
17 - Mioko et Cappelle (2015),13.92,14.39,15.23,18.32,16.52,18.12,15.26,13.34,16.89,17.11,13.63,13.17,13.61,16.04,15.86,13.72,100.0,29.05,40.46,27.06,27.38,27.16,24.22,15.0,16.15,26.83,17.21,14.42,16.55,16.55,17.28,14.51,15.42,13.39,16.4,14.9,13.94,16.09,13.07,12.77,12.72,15.45,13.0,15.53,15.94,15.49,16.29,13.14,17.03,15.78,5.69,4.97,6.36,5.37,3.29,3.04,1.83,4.74,2.75,5.24,4.92,2.74,4.85,2.28,5.43,6.17,1.71,1.84,5.9,5.89,4.72,5.07,3.67,1.91,5.05,5.32,6.03,1.84,4.74,2.33,2.88,5.68
18 - Spaull et Taylor (2015),12.57,13.56,16.96,16.34,15.7,19.3,16.83,15.06,16.7,15.55,13.47,13.23,13.39,13.9,20.81,15.17,29.05,100.0,29.17,26.94,27.99,26.11,23.6,13.69,17.84,17.27,15.82,15.0,17.22,18.24,16.11,13.62,16.52,13.57,16.03,12.5,14.72,15.91,14.46,12.34,13.57,15.55,12.84,15.91,15.94,15.39,16.98,13.26,15.88,16.52,5.26,5.59,6.22,5.45,2.88,3.55,2.82,6.88,3.26,5.51,5.79,1.73,4.59,2.26,5.03,5.93,2.88,1.75,5.28,7.27,7.03,7.49,3.45,2.24,5.43,6.85,7.21,2.27,5.83,3.79,3.19,5.09
19 - Murimba (2005),13.79,13.46,16.36,16.44,16.44,16.34,15.32,13.34,16.3,16.33,14.37,15.04,13.9,13.55,17.85,16.8,40.46,29.17,100.0,29.61,29.85,26.79,24.54,13.38,18.07,26.85,16.1,13.8,17.72,17.58,16.59,13.53,15.57,12.66,15.45,13.16,16.58,16.43,12.88,12.92,13.32,16.4,12.17,15.77,15.89,15.75,17.01,13.52,17.24,18.69,6.26,5.45,6.32,5.49,3.67,2.93,1.67,4.27,3.91,7.12,6.37,2.46,5.05,1.91,4.55,6.09,1.41,1.26,5.0,5.95,6.87,4.63,2.36,4.39,5.81,4.63,8.41,1.97,4.8,2.14,2.09,8.58
20 - Dolata (2008),15.36,15.65,15.05,19.07,16.78,17.59,16.85,14.88,17.57,18.38,12.38,12.91,13.14,14.21,15.98,13.57,27.06,26.94,29.61,100.0,26.21,30.02,23.88,13.03,18.6,16.03,15.67,15.83,17.55,19.15,15.84,15.76,17.38,14.09,15.51,12.8,14.23,18.98,14.18,15.21,12.86,15.92,11.87,16.46,15.48,19.69,20.08,12.64,18.28,21.74,4.59,4.75,5.65,4.92,3.71,4.81,1.63,4.94,2.39,7.48,5.9,4.3,7.12,2.77,7.3,6.07,3.22,2.57,5.01,5.1,7.39,5.31,4.45,4.74,6.03,4.98,7.19,1.89,8.0,3.49,2.44,8.39
21 - Sandefur (2017),13.08,13.87,18.08,16.61,18.64,15.14,16.0,13.64,16.77,16.66,13.68,13.95,13.79,13.32,18.86,14.67,27.38,27.99,29.85,26.21,100.0,27.34,23.51,13.88,19.61,16.46,17.07,13.45,16.06,17.24,16.84,13.46,16.49,13.05,16.38,13.34,13.35,18.64,14.02,13.31,14.69,18.46,12.11,18.06,16.09,18.13,16.28,13.88,17.1,15.88,6.1,5.5,6.38,8.0,3.11,3.62,1.84,8.27,4.17,7.43,7.63,2.22,5.12,2.34,7.26,6.86,1.98,2.17,5.81,6.92,5.8,6.25,2.9,5.06,7.21,7.1,5.93,2.99,6.05,3.31,2.93,6.77
22 - Dieng et Sy (2020),24.71,21.74,15.94,20.07,18.3,15.93,15.77,23.87,21.58,28.65,13.28,20.67,12.96,16.37,15.55,12.88,27.16,26.11,26.79,30.02,27.34,100.0,25.74,13.73,17.08,16.92,16.3,25.01,18.9,30.09,16.13,24.54,19.25,13.47,17.32,12.42,17.98,24.25,18.2,24.42,13.75,17.48,12.82,18.76,18.33,30.55,28.63,14.57,25.37,21.21,5.21,4.72,10.71,5.35,2.68,12.99,5.83,5.44,2.03,9.81,8.61,16.05,17.21,2.93,6.67,5.82,5.68,2.68,5.71,5.75,7.02,5.28,13.69,13.22,5.71,4.92,4.65,1.81,7.32,3.34,3.2,6.51
23 - Mafang et al. (2022),15.35,14.89,12.88,15.21,16.26,12.77,13.89,15.29,12.96,14.09,14.47,14.94,13.2,15.43,14.15,14.63,24.22,23.6,24.54,23.88,23.51,25.74,100.0,15.04,16.27,13.5,13.32,14.74,15.36,14.28,13.47,13.72,14.54,23.5,16.64,16.29,17.42,13.89,14.92,20.95,22.77,13.5,12.55,18.92,15.35,17.8,15.17,25.67,14.53,14.49,3.06,3.7,1.94,5.46,3.85,4.71,5.0,3.38,2.78,4.15,3.64,4.47,5.19,3.81,3.07,4.56,4.52,2.3,5.86,4.03,2.81,7.25,3.22,2.85,3.94,5.28,7.12,6.37,4.97,5.46,4.85,3.85
24 - Spaul (2011),15.32,16.07,13.4,19.81,18.34,16.75,15.51,14.4,15.03,13.58,13.91,14.77,14.24,15.22,14.34,14.0,15.0,13.69,13.38,13.03,13.88,13.73,15.04,100.0,28.64,24.77,26.98,25.8,34.44,26.57,24.86,25.48,24.33,27.14,25.4,26.3,28.76,27.12,32.76,27.52,25.46,25.71,24.13,24.86,27.19,25.62,27.99,25.1,29.84,25.59,3.65,2.85,2.65,3.63,7.87,8.61,7.18,3.95,8.76,3.58,9.71,3.47,2.72,6.07,2.99,5.04,3.65,4.32,7.08,4.46,9.22,4.78,9.92,4.44,9.57,4.74,4.59,3.1,6.3,5.73,10.3,6.49
25 - Yu et Thomas (2008),15.1,14.8,20.09,20.09,22.74,17.88,16.93,15.56,18.03,18.37,13.66,15.65,14.15,17.67,18.68,17.07,16.15,17.84,18.07,18.6,19.61,17.08,16.27,28.64,100.0,27.58,27.81,28.04,29.78,30.02,28.82,25.22,29.27,25.65,28.19,32.42,36.67,32.07,30.82,26.68,25.96,31.26,24.1,30.28,32.05,31.14,34.27,25.01,29.37,29.42,8.03,6.26,7.69,14.46,6.13,4.4,3.37,8.5,3.45,10.68,11.76,2.87,5.78,4.71,7.51,8.06,3.82,3.01,6.03,8.35,7.28,7.86,3.48,5.8,9.62,11.19,9.61,5.29,8.73,8.11,5.7,11.04
26 - Bennell (2023),13.13,13.06,15.99,18.49,17.56,15.74,15.94,12.9,17.39,16.61,13.65,16.31,13.69,13.8,16.93,14.61,26.83,17.27,26.85,16.03,16.46,16.92,13.5,24.77,27.58,100.0,30.71,25.34,26.99,26.95,27.51,24.3,26.52,23.77,27.34,24.04,23.95,28.46,24.17,24.65,25.99,27.4,23.82,26.65,29.84,27.77,28.38,24.77,26.53,27.61,6.18,5.57,6.24,6.72,3.93,3.63,2.11,5.77,1.75,5.35,7.01,3.22,5.39,2.02,5.67,6.44,6.4,1.4,6.41,8.19,7.99,7.65,4.58,3.22,7.74,7.08,7.74,3.66,6.4,4.36,4.02,6.28
"27 - Paviot et al., (2008)",13.44,14.15,15.53,17.53,17.13,16.19,15.79,13.1,16.44,16.55,13.35,13.79,16.96,15.48,21.68,14.18,17.21,15.82,16.1,15.67,17.07,16.3,13.32,26.98,27.81,30.71,100.0,26.44,26.89,29.39,33.09,25.44,26.65,23.66,27.1,24.35,24.88,27.02,24.53,24.39,24.41,27.96,23.38,26.8,28.2,26.65,29.0,24.0,27.19,27.61,6.01,5.38,5.37,7.77,3.68,3.12,2.29,5.57,2.5,5.53,4.81,3.83,6.13,3.46,5.27,6.61,2.59,2.07,5.22,5.74,5.91,5.91,2.92,3.88,6.28,5.94,6.55,5.32,5.58,5.97,3.58,7.83
28 - Hungi et Thuku (2009),25.97,22.63,13.28,19.76,14.51,13.5,13.53,26.22,18.86,24.67,13.11,17.71,13.3,26.14,13.75,13.32,14.42,15.0,13.8,15.83,13.45,25.01,14.74,25.8,28.04,25.34,26.44,100.0,26.47,36.89,25.01,36.61,25.93,26.24,24.99,25.75,36.71,34.69,26.95,37.39,24.09,25.36,24.03,25.33,27.71,37.47,38.81,24.35,33.46,29.82,4.67,2.91,1.8,3.47,3.55,16.08,5.03,4.2,3.2,8.71,4.32,13.36,13.81,3.0,3.66,3.8,7.43,2.42,2.3,4.64,4.99,4.66,14.45,14.35,4.53,5.06,3.96,3.16,5.54,8.99,4.81,2.63
29 - Taniguchi (2022),17.41,17.81,18.15,26.93,19.56,17.49,19.04,17.07,21.61,21.04,15.27,15.46,15.19,18.15,17.59,17.11,16.55,17.22,17.72,17.55,16.06,18.9,15.36,34.44,29.78,26.99,26.89,26.47,100.0,32.03,27.45,27.72,27.69,27.69,27.06,25.38,28.12,32.2,36.85,27.17,25.43,28.87,25.49,29.84,31.79,31.04,31.54,29.05,31.78,45.07,7.25,5.88,5.56,7.31,6.2,5.6,11.75,7.63,4.4,11.33,18.69,5.43,8.67,4.85,5.51,8.82,7.11,3.34,10.37,7.55,18.79,7.55,7.01,4.66,9.78,6.83,9.06,2.51,7.85,5.63,2.55,10.49
30 - Smith et Barrett (2010),25.58,22.89,15.24,21.74,19.55,17.41,16.74,25.91,22.9,28.93,14.17,17.68,14.42,18.83,17.39,13.71,16.55,18.24,17.58,19.15,17.24,30.09,14.28,26.57,30.02,26.95,29.39,36.89,32.03,100.0,27.48,35.57,28.31,24.91,28.85,25.28,30.66,36.24,30.22,35.98,25.41,29.79,24.32,29.46,29.96,38.85,40.59,24.85,37.07,36.28,8.03,6.15,6.05,7.37,5.05,15.26,4.87,5.82,2.87,11.46,7.9,14.48,16.06,2.88,6.88,8.13,7.74,2.62,6.41,7.43,9.18,7.71,15.68,15.41,7.26,8.36,6.79,4.5,8.91,4.95,3.77,7.63
31 - Crouch et al. (2021),13.65,13.35,16.73,16.76,18.41,15.59,16.89,13.83,16.31,17.81,12.74,13.22,12.7,12.99,27.99,12.88,17.28,16.11,16.59,15.84,16.84,16.13,13.47,24.86,28.82,27.51,33.09,25.01,27.45,27.48,100.0,24.92,26.36,25.11,28.71,25.53,23.94,28.15,24.41,23.93,24.49,28.03,23.67,26.41,27.26,26.75,28.63,23.64,28.52,27.59,7.1,5.04,5.12,5.13,2.87,3.56,3.53,5.6,1.79,6.85,4.91,2.61,4.95,2.82,5.32,5.85,2.61,1.98,6.1,5.38,5.39,5.68,2.22,2.64,6.68,6.38,5.44,2.46,6.12,3.2,2.76,5.93
"32 - Mulera et al., (2017)",25.35,22.47,12.71,18.47,13.8,13.75,13.25,26.25,20.22,24.63,18.37,17.37,13.56,18.26,13.58,15.84,14.51,13.62,13.53,15.76,13.46,24.54,13.72,25.48,25.22,24.3,25.44,36.61,27.72,35.57,24.92,100.0,23.58,26.01,24.4,25.49,28.77,34.1,26.6,36.76,24.8,24.2,24.31,25.07,26.61,35.18,36.56,24.74,34.85,30.9,4.42,2.9,3.51,4.04,4.64,14.61,4.4,3.36,4.26,7.13,5.97,14.73,13.58,3.67,3.88,4.45,8.59,4.56,3.97,4.67,5.27,3.16,14.46,19.28,3.21,4.27,2.94,3.25,4.77,4.37,3.74,3.0
33 - Kouakou et Yeo (2025),14.7,13.83,15.28,19.68,16.87,15.56,16.68,14.25,22.07,16.52,13.73,14.2,13.98,13.76,18.57,13.77,15.42,16.52,15.57,17.38,16.49,19.25,14.54,24.33,29.27,26.52,26.65,25.93,27.69,28.31,26.36,23.58,100.0,25.36,27.72,24.86,25.67,27.18,24.24,24.62,25.51,27.67,23.89,28.72,28.88,29.88,31.36,25.12,27.68,27.49,7.63,7.73,5.96,8.13,3.98,2.68,3.09,6.21,3.14,8.71,6.92,2.88,7.72,4.4,5.08,6.51,2.34,3.49,6.57,6.86,5.95,7.71,3.53,2.33,7.12,6.57,6.97,3.12,10.25,4.45,2.88,4.7
"34 - Armand et al., (2024)",15.67,15.36,12.56,14.6,13.58,15.36,22.66,16.44,16.81,15.63,15.36,14.69,13.48,14.64,13.82,15.38,13.39,13.57,12.66,14.09,13.05,13.47,23.5,27.14,25.65,23.77,23.66,26.24,27.69,24.91,25.11,26.01,25.36,100.0,28.37,25.92,25.71,25.32,24.85,31.15,30.61,24.25,24.51,29.01,25.77,26.08,26.86,31.96,27.08,26.08,3.27,4.0,3.33,2.94,3.95,4.29,3.61,3.76,3.84,3.93,4.17,3.58,3.66,6.16,2.24,4.09,3.89,3.62,4.3,5.29,4.11,4.99,3.87,2.87,3.82,4.84,4.14,3.77,5.43,4.39,3.41,2.37
35 - Sanfo (2023),15.56,13.73,16.35,17.11,19.37,15.57,17.24,13.44,16.05,18.2,12.87,13.84,13.15,13.97,16.18,12.86,16.4,16.03,15.45,15.51,16.38,17.32,16.64,25.4,28.19,27.34,27.1,24.99,27.06,28.85,28.71,24.4,27.72,28.37,100.0,25.66,24.83,27.33,25.12,25.92,24.55,27.24,23.9,30.09,29.14,27.52,29.88,26.75,27.42,27.19,7.97,6.8,5.49,5.5,2.73,2.6,3.98,5.44,2.54,7.29,7.78,4.82,6.05,3.86,5.47,7.81,2.66,2.82,6.86,7.99,6.51,7.21,3.63,3.24,8.34,9.44,9.6,5.13,6.91,4.41,4.69,5.21
36 - Mugendawala et Muijs (2020),19.13,14.6,12.84,15.05,14.72,13.04,12.75,18.53,14.35,15.14,14.23,14.33,14.07,14.8,13.15,15.23,14.9,12.5,13.16,12.8,13.34,12.42,16.29,26.3,32.42,24.04,24.35,25.75,25.38,25.28,25.53,25.49,24.86,25.92,25.66,100.0,27.34,25.51,26.49,25.38,24.84,24.38,24.02,24.75,26.65,25.9,25.92,24.97,25.42,25.76,5.91,4.44,2.79,11.1,7.1,3.73,11.1,3.2,2.89,5.61,4.26,3.84,5.64,4.18,3.09,5.74,4.75,2.51,4.67,4.56,2.84,4.78,3.3,4.56,3.99,5.94,4.63,3.11,3.15,4.08,3.23,6.26
37 - Oduol (2006),20.05,20.99,14.32,17.95,15.53,13.74,14.05,18.35,18.37,18.45,14.56,18.91,14.74,22.67,13.23,16.48,13.94,14.72,16.58,14.23,13.35,17.98,17.42,28.76,36.67,23.95,24.88,36.71,28.12,30.66,23.94,28.77,25.67,25.71,24.83,27.34,100.0,30.82,29.45,29.96,26.73,26.5,23.66,24.55,32.33,31.13,29.82,26.88,29.2,29.13,3.51,2.81,2.29,4.94,6.18,7.5,5.58,5.08,4.54,16.55,8.02,8.36,9.14,6.27,2.87,5.83,5.54,3.32,3.65,4.73,5.62,4.05,7.36,7.76,3.02,3.42,3.75,2.13,4.71,8.3,4.64,3.27
"38 - Lee et al., (2005)",22.91,25.26,19.36,22.64,20.5,15.87,16.29,22.8,24.56,25.57,13.28,18.79,13.62,17.82,16.69,14.64,16.09,15.91,16.43,18.98,18.64,24.25,13.89,27.12,32.07,28.46,27.02,34.69,32.2,36.24,28.15,34.1,27.18,25.32,27.33,25.51,30.82,100.0,27.45,33.6,26.21,29.07,25.08,30.63,31.23,37.79,38.49,25.66,35.2,36.84,7.97,6.6,5.78,8.35,3.44,12.23,6.17,7.26,2.72,11.11,10.4,11.49,13.66,2.72,9.13,6.01,7.28,2.73,5.83,6.35,8.44,5.85,10.88,11.26,7.13,8.57,6.86,2.59,7.98,2.95,2.86,5.29
"39 - Kanyongo, et al., (2006)",17.65,17.8,13.22,22.31,17.12,13.77,14.4,16.16,17.37,16.29,13.78,16.78,13.49,16.65,13.72,14.37,13.07,14.46,12.88,14.18,14.02,18.2,14.92,32.76,30.82,24.17,24.53,26.95,36.85,30.22,24.41,26.6,24.24,24.85,25.12,26.49,29.45,27.45,100.0,27.24,24.84,24.69,23.41,26.04,29.43,27.34,27.52,25.03,26.32,31.57,3.62,2.9,3.04,4.89,6.46,5.15,11.74,3.3,2.13,5.99,15.12,4.8,5.03,3.46,2.55,5.44,4.01,2.45,6.46,4.18,14.85,5.53,6.71,5.95,8.46,6.42,4.27,3.81,5.32,11.97,3.6,7.52
40 - Nguemkap et Dieng (2022),25.82,25.39,12.98,19.93,15.1,13.45,12.52,24.09,19.84,24.88,13.19,18.1,13.73,17.18,13.75,13.38,12.77,12.34,12.92,15.21,13.31,24.42,20.95,27.52,26.68,24.65,24.39,37.39,27.17,35.98,23.93,36.76,24.62,31.15,25.92,25.38,29.96,33.6,27.24,100.0,32.2,24.86,25.42,28.59,27.06,52.43,38.91,31.55,34.63,29.91,2.71,2.54,1.71,3.59,2.87,14.35,5.22,4.3,5.44,8.09,5.26,14.14,14.65,3.28,4.21,3.29,7.09,3.68,3.11,4.76,5.22,3.8,13.91,14.35,4.03,2.87,4.04,2.26,5.44,6.16,3.03,3.45
41 - Medu et Rowlands (2022),13.84,16.47,13.71,15.04,14.42,12.99,13.66,13.93,13.9,13.48,15.64,13.97,14.29,13.49,13.21,13.92,12.72,13.57,13.32,12.86,14.69,13.75,22.77,25.46,25.96,25.99,24.41,24.09,25.43,25.41,24.49,24.8,25.51,30.61,24.55,24.84,26.73,26.21,24.84,32.2,100.0,28.42,27.52,25.33,25.0,27.66,26.72,35.14,24.95,25.17,3.04,2.85,2.42,3.57,3.84,4.12,2.92,6.87,3.7,4.09,4.35,3.62,3.42,4.92,3.16,3.88,7.48,3.42,4.07,6.51,4.15,4.7,5.19,2.78,4.33,4.71,4.18,3.1,3.41,5.1,11.88,3.31
"42 - Lee et al., (2021)",14.19,14.04,18.67,18.48,18.4,15.68,16.37,15.28,17.57,16.2,13.98,13.25,13.82,13.77,16.64,12.93,15.45,15.55,16.4,15.92,18.46,17.48,13.5,25.71,31.26,27.4,27.96,25.36,28.87,29.79,28.03,24.2,27.67,24.25,27.24,24.38,26.5,29.07,24.69,24.86,28.42,100.0,26.54,29.75,28.68,30.83,27.98,24.1,28.44,29.64,6.39,6.17,5.96,9.71,4.56,4.55,2.41,10.0,1.99,5.51,7.85,2.59,5.08,2.33,6.92,5.11,3.91,2.58,7.14,7.72,5.28,6.87,3.75,2.66,8.06,9.41,5.18,2.38,5.43,2.96,5.8,5.84
43 - Lassibille et Tan (2003),13.31,14.3,12.5,12.86,13.15,14.63,13.12,13.21,12.83,15.12,12.27,12.1,12.71,14.78,12.97,12.41,13.0,12.84,12.17,11.87,12.11,12.82,12.55,24.13,24.1,23.82,23.38,24.03,25.49,24.32,23.67,24.31,23.89,24.51,23.9,24.02,23.66,25.08,23.41,25.42,27.52,26.54,100.0,28.28,24.16,25.63,26.02,24.35,24.88,23.85,3.02,2.82,1.54,1.63,1.91,2.02,1.87,3.89,2.5,1.67,2.53,1.79,2.5,2.12,1.17,2.34,1.71,2.97,2.39,2.72,1.4,2.03,2.94,1.65,1.73,2.06,2.08,1.54,1.67,1.54,6.18,1.29
44 - Nguemkap (2023),13.5,15.98,17.6,17.7,19.5,15.91,17.86,13.97,16.26,19.46,12.54,14.12,13.14,14.39,16.02,12.8,15.53,15.91,15.77,16.46,18.06,18.76,18.92,24.86,30.28,26.65,26.8,25.33,29.84,29.46,26.41,25.07,28.72,29.01,30.09,24.75,24.55,30.63,26.04,28.59,25.33,29.75,28.28,100.0,27.59,34.68,29.88,25.11,27.76,28.46,5.39,7.47,6.65,7.92,3.81,2.99,3.63,8.1,2.76,6.23,9.66,3.19,5.54,3.56,6.87,6.66,2.77,3.83,5.51,7.34,7.08,12.3,2.86,2.22,9.3,9.59,11.71,6.18,8.67,4.98,2.83,5.55
45 - Kadio (2025),18.19,16.78,17.01,23.34,17.79,16.08,17.83,16.23,19.82,20.83,14.91,18.11,14.48,17.14,19.66,14.45,15.94,15.94,15.89,15.48,16.09,18.33,15.35,27.19,32.05,29.84,28.2,27.71,31.79,29.96,27.26,26.61,28.88,25.77,29.14,26.65,32.33,31.23,29.43,27.06,25.0,28.68,24.16,27.59,100.0,30.55,34.2,26.07,30.23,31.82,9.63,9.08,5.79,7.32,5.02,6.5,5.44,5.74,2.87,11.69,8.48,4.85,10.56,3.4,12.38,8.57,5.09,2.56,6.38,8.69,8.49,9.5,5.67,5.35,9.83,8.03,7.1,3.18,9.51,5.75,4.36,5.8
"46 - Ongo et al., (2022)",25.8,24.6,17.63,22.67,19.52,16.0,15.98,24.45,23.68,28.74,13.97,18.02,14.49,17.84,16.88,13.46,15.49,15.39,15.75,19.69,18.13,30.55,17.8,25.62,31.14,27.77,26.65,37.47,31.04,38.85,26.75,35.18,29.88,26.08,27.52,25.9,31.13,37.79,27.34,52.43,27.66,30.83,25.63,34.68,30.55,100.0,40.8,26.18,36.58,33.14,5.67,5.17,7.77,11.01,3.82,14.47,5.74,9.99,3.95,10.97,11.09,15.04,17.49,3.76,9.03,6.12,7.48,4.94,6.56,8.15,8.31,7.25,14.09,13.58,9.57,8.4,9.48,3.04,9.56,5.5,3.63,6.36
47 - Kadio (2022),25.97,23.05,16.69,26.11,18.21,18.53,17.07,26.37,24.35,35.18,13.52,18.29,15.2,19.77,19.21,13.98,16.29,16.98,17.01,20.08,16.28,28.63,15.17,27.99,34.27,28.38,29.0,38.81,31.54,40.59,28.63,36.56,31.36,26.86,29.88,25.92,29.82,38.49,27.52,38.91,26.72,27.98,26.02,29.88,34.2,40.8,100.0,25.64,37.48,34.41,11.05,9.23,6.07,6.51,5.15,17.58,5.75,5.88,3.08,10.64,9.05,15.15,19.24,2.7,7.05,6.69,7.28,3.42,6.63,8.53,8.49,9.52,15.46,15.11,8.17,8.86,11.12,4.75,11.78,7.15,4.0,6.19
48 - Bekkouche et Dupraz (2023),13.82,14.73,12.51,13.61,14.68,13.07,14.06,13.93,14.24,14.4,15.89,13.03,13.6,14.09,13.78,16.05,13.14,13.26,13.52,12.64,13.88,14.57,25.67,25.1,25.01,24.77,24.0,24.35,29.05,24.85,23.64,24.74,25.12,31.96,26.75,24.97,26.88,25.66,25.03,31.55,35.14,24.1,24.35,25.11,26.07,26.18,25.64,100.0,25.03,26.75,2.84,3.32,2.14,3.14,3.97,3.1,2.81,3.22,3.95,3.43,4.74,2.77,3.85,6.03,2.42,3.76,2.87,2.83,3.93,5.41,1.91,3.97,4.99,3.88,2.94,3.25,4.37,3.0,3.38,3.59,2.88,1.72
49 - Michelowa (2001),25.85,21.22,16.37,20.74,17.44,18.38,18.27,22.6,22.53,26.22,13.52,22.88,12.93,17.51,16.32,14.43,17.03,15.88,17.24,18.28,17.1,25.37,14.53,29.84,29.37,26.53,27.19,33.46,31.78,37.07,28.52,34.85,27.68,27.08,27.42,25.42,29.2,35.2,26.32,34.63,24.95,28.44,24.88,27.76,30.23,36.58,37.48,25.03,100.0,33.09,8.11,7.71,6.18,5.61,4.32,12.2,4.62,5.71,2.78,11.44,7.89,13.95,15.18,3.39,7.87,6.28,9.77,5.22,6.69,5.88,6.94,7.13,11.8,13.19,5.81,6.07,5.28,2.56,8.36,5.25,2.7,6.92
50 - Taniguchi (2024),20.07,21.62,16.06,27.41,17.31,17.07,16.97,20.55,22.3,22.19,14.34,16.69,12.81,19.35,16.84,15.58,15.78,16.52,18.69,21.74,15.88,21.21,14.49,25.59,29.42,27.61,27.61,29.82,45.07,36.28,27.59,30.9,27.49,26.08,27.19,25.76,29.13,36.84,31.57,29.91,25.17,29.64,23.85,28.46,31.82,33.14,34.41,26.75,33.09,100.0,6.33,5.85,5.02,8.04,3.44,8.49,6.02,6.15,2.97,10.86,10.32,8.04,10.23,3.56,7.19,5.95,7.24,3.5,6.38,7.93,14.09,6.73,9.67,8.11,6.7,7.37,8.56,2.91,7.77,5.52,2.77,8.64
"51 - Miningou et al., (2019)",4.77,4.08,4.96,8.42,7.18,6.22,5.25,4.54,7.83,7.38,3.68,3.94,3.82,3.96,9.24,2.94,5.69,5.26,6.26,4.59,6.1,5.21,3.06,3.65,8.03,6.18,6.01,4.67,7.25,8.03,7.1,4.42,7.63,3.27,7.97,5.91,3.51,7.97,3.62,2.71,3.04,6.39,3.02,5.39,9.63,5.67,11.05,2.84,8.11,6.33,100.0,38.08,31.44,29.5,27.15,29.26,3.3,5.46,3.04,7.34,5.69,4.29,7.84,4.36,5.8,6.56,3.66,3.09,6.35,7.72,4.92,8.87,4.49,4.05,6.28,7.17,6.34,3.66,7.9,3.94,3.65,4.9
"52 - Avom et al., (2021)",3.92,2.21,5.41,9.28,5.33,4.86,6.24,3.55,6.75,6.34,2.9,3.39,3.69,4.25,7.01,3.33,4.97,5.59,5.45,4.75,5.5,4.72,3.7,2.85,6.26,5.57,5.38,2.91,5.88,6.15,5.04,2.9,7.73,4.0,6.8,4.44,2.81,6.6,2.9,2.54,2.85,6.17,2.82,7.47,9.08,5.17,9.23,3.32,7.71,5.85,38.08,100.0,29.82,28.27,26.56,25.67,2.89,4.9,2.11,5.5,6.41,2.44,7.26,2.75,5.05,5.41,2.55,2.25,5.64,6.97,5.69,8.41,3.5,4.41,8.02,8.35,8.47,3.92,8.51,2.78,3.4,5.2
53 - Figueiredo et Dieng (2016),2.13,3.25,5.78,5.48,5.69,5.21,4.85,2.4,6.02,6.99,2.84,4.0,2.73,3.09,8.07,2.95,6.36,6.22,6.32,5.65,6.38,10.71,1.94,2.65,7.69,6.24,5.37,1.8,5.56,6.05,5.12,3.51,5.96,3.33,5.49,2.79,2.29,5.78,3.04,1.71,2.42,5.96,1.54,6.65,5.79,7.77,6.07,2.14,6.18,5.02,31.44,29.82,100.0,28.95,25.63,27.16,1.6,4.54,2.01,5.32,5.06,1.78,4.5,2.18,4.54,4.98,2.38,2.26,5.12,6.21,4.8,5.09,2.5,1.59,5.88,4.79,5.03,2.84,5.01,2.47,3.39,4.8
54 - Kouamo (2024),3.43,3.05,6.01,8.64,8.72,5.53,5.79,2.38,8.21,5.29,3.18,4.35,3.69,4.5,5.27,2.63,5.37,5.45,5.49,4.92,8.0,5.35,5.46,3.63,14.46,6.72,7.77,3.47,7.31,7.37,5.13,4.04,8.13,2.94,5.5,11.1,4.94,8.35,4.89,3.59,3.57,9.71,1.63,7.92,7.32,11.01,6.51,3.14,5.61,8.04,29.5,28.27,28.95,100.0,27.77,25.93,4.19,8.91,4.09,7.83,9.6,3.23,7.19,5.85,8.01,8.18,3.18,2.22,7.39,7.53,5.69,6.48,2.83,2.73,8.05,15.15,7.21,3.09,6.19,3.72,3.11,8.26
"55 - Ishii et Ogawa, (2024)",4.34,3.42,3.37,7.63,5.7,3.58,3.91,4.18,3.07,4.14,4.11,6.97,4.13,4.61,3.0,2.8,3.29,2.88,3.67,3.71,3.11,2.68,3.85,7.87,6.13,3.93,3.68,3.55,6.2,5.05,2.87,4.64,3.98,3.95,2.73,7.1,6.18,3.44,6.46,2.87,3.84,4.56,1.91,3.81,5.02,3.82,5.15,3.97,4.32,3.44,27.15,26.56,25.63,27.77,100.0,25.82,5.52,4.22,2.35,3.47,10.55,5.46,1.97,4.55,2.41,4.06,4.0,1.57,5.06,7.55,7.09,5.93,4.19,7.14,9.19,4.73,5.16,4.77,5.95,4.43,4.01,5.88
56 - Servaas van der Berg (2008),14.15,12.61,2.42,7.86,2.28,2.7,2.44,17.02,9.76,15.51,2.71,7.67,3.3,7.5,5.99,2.21,3.04,3.55,2.93,4.81,3.62,12.99,4.71,8.61,4.4,3.63,3.12,16.08,5.6,15.26,3.56,14.61,2.68,4.29,2.6,3.73,7.5,12.23,5.15,14.35,4.12,4.55,2.02,2.99,6.5,14.47,17.58,3.1,12.2,8.49,29.26,25.67,27.16,25.93,25.82,100.0,4.22,3.28,8.72,8.24,5.25,13.91,13.61,3.15,3.56,2.57,9.13,2.16,3.55,5.47,6.38,6.22,21.65,15.26,5.67,6.53,4.73,6.35,5.66,6.38,10.79,4.35
57 - Wamala et Seruwagi (2012),6.89,6.82,2.3,9.86,5.73,2.06,2.44,12.17,5.39,5.75,3.88,5.03,3.44,5.82,2.11,4.03,1.83,2.82,1.67,1.63,1.84,5.83,5.0,7.18,3.37,2.11,2.29,5.03,11.75,4.87,3.53,4.4,3.09,3.61,3.98,11.1,5.58,6.17,11.74,5.22,2.92,2.41,1.87,3.63,5.44,5.74,5.75,2.81,4.62,6.02,3.3,2.89,1.6,4.19,5.52,4.22,100.0,26.03,24.38,30.6,33.44,28.86,31.19,26.62,24.47,27.31,27.59,24.76,29.28,3.11,10.47,4.7,4.46,5.62,5.54,4.75,3.42,2.11,4.7,3.62,2.36,5.6
"58 - Lee et al., (2018)",4.3,3.93,10.73,7.05,6.81,7.86,5.22,3.0,7.37,5.83,2.99,1.89,3.31,3.71,5.6,4.91,4.74,6.88,4.27,4.94,8.27,5.44,3.38,3.95,8.5,5.77,5.57,4.2,7.63,5.82,5.6,3.36,6.21,3.76,5.44,3.2,5.08,7.26,3.3,4.3,6.87,10.0,3.89,8.1,5.74,9.99,5.88,3.22,5.71,6.15,5.46,4.9,4.54,8.91,4.22,3.28,26.03,100.0,25.0,30.46,32.59,26.86,29.12,26.92,29.86,28.32,25.43,25.57,28.8,9.97,7.31,11.31,6.4,2.63,7.97,7.82,5.34,2.55,6.11,5.17,4.95,6.31
59 - Venkat et Spaull (2015),4.53,4.64,2.0,3.92,1.91,3.59,3.08,3.08,3.92,2.96,4.54,1.85,2.71,4.05,5.28,6.59,2.75,3.26,3.91,2.39,4.17,2.03,2.78,8.76,3.45,1.75,2.5,3.2,4.4,2.87,1.79,4.26,3.14,3.84,2.54,2.89,4.54,2.72,2.13,5.44,3.7,1.99,2.5,2.76,2.87,3.95,3.08,3.95,2.78,2.97,3.04,2.11,2.01,4.09,2.35,8.72,24.38,25.0,100.0,27.69,25.07,25.8,26.46,32.03,24.14,25.38,24.47,26.46,25.43,3.55,1.91,3.37,7.25,2.23,2.64,1.73,3.6,2.17,3.33,3.73,8.55,1.56
60 - Armstrong (2015),8.92,10.44,6.05,9.58,6.06,5.77,6.84,7.64,10.84,10.13,4.8,7.18,4.46,5.58,5.84,6.19,5.24,5.51,7.12,7.48,7.43,9.81,4.15,3.58,10.68,5.35,5.53,8.71,11.33,11.46,6.85,7.13,8.71,3.93,7.29,5.61,16.55,11.11,5.99,8.09,4.09,5.51,1.67,6.23,11.69,10.97,10.64,3.43,11.44,10.86,7.34,5.5,5.32,7.83,3.47,8.24,30.6,30.46,27.69,100.0,31.81,32.07,35.29,38.97,28.57,30.15,31.7,25.9,31.41,8.56,10.45,6.71,6.5,6.52,6.5,6.07,9.94,3.26,6.61,5.37,4.1,7.68
"61 - Conto et al., (2023)",7.32,5.93,7.18,14.65,9.7,5.28,6.41,5.07,8.45,7.98,3.67,5.35,3.98,5.77,5.59,3.88,4.92,5.79,6.37,5.9,7.63,8.61,3.64,9.71,11.76,7.01,4.81,4.32,18.69,7.9,4.91,5.97,6.92,4.17,7.78,4.26,8.02,10.4,15.12,5.26,4.35,7.85,2.53,9.66,8.48,11.09,9.05,4.74,7.89,10.32,5.69,6.41,5.06,9.6,10.55,5.25,33.44,32.59,25.07,31.81,100.0,30.43,31.54,27.89,29.29,29.67,26.81,24.34,31.36,9.05,16.65,7.92,7.0,6.58,12.41,9.14,8.09,4.07,7.75,5.72,3.29,8.18
62 - Sanfo (2020),24.39,11.68,2.48,7.6,3.24,2.74,3.41,15.46,11.12,14.69,3.24,6.98,3.33,6.2,1.79,3.56,2.74,1.73,2.46,4.3,2.22,16.05,4.47,3.47,2.87,3.22,3.83,13.36,5.43,14.48,2.61,14.73,2.88,3.58,4.82,3.84,8.36,11.49,4.8,14.14,3.62,2.59,1.79,3.19,4.85,15.04,15.15,2.77,13.95,8.04,4.29,2.44,1.78,3.23,5.46,13.91,28.86,26.86,25.8,32.07,30.43,100.0,39.37,28.11,27.32,26.9,30.49,25.38,27.57,4.27,5.25,3.97,13.97,15.07,3.17,3.18,4.06,4.14,5.82,5.12,3.75,3.05
63 - Foueka et Elomo (2022),16.4,12.23,4.76,11.87,5.97,5.86,6.11,14.61,13.62,17.86,3.65,6.01,3.06,6.33,6.8,3.79,4.85,4.59,5.05,7.12,5.12,17.21,5.19,2.72,5.78,5.39,6.13,13.81,8.67,16.06,4.95,13.58,7.72,3.66,6.05,5.64,9.14,13.66,5.03,14.65,3.42,5.08,2.5,5.54,10.56,17.49,19.24,3.85,15.18,10.23,7.84,7.26,4.5,7.19,1.97,13.61,31.19,29.12,26.46,35.29,31.54,39.37,100.0,27.32,31.07,32.51,30.23,26.95,30.55,6.93,6.95,7.61,13.79,12.95,5.12,6.27,7.91,2.68,9.97,3.79,2.45,4.96
64 - Kanyongo et Brown (2013),6.32,10.53,3.01,4.8,2.12,4.19,4.03,4.49,5.77,2.82,5.35,3.85,3.36,3.64,2.18,6.15,2.28,2.26,1.91,2.77,2.34,2.93,3.81,6.07,4.71,2.02,3.46,3.0,4.85,2.88,2.82,3.67,4.4,6.16,3.86,4.18,6.27,2.72,3.46,3.28,4.92,2.33,2.12,3.56,3.4,3.76,2.7,6.03,3.39,3.56,4.36,2.75,2.18,5.85,4.55,3.15,26.62,26.92,32.03,38.97,27.89,28.11,27.32,100.0,25.77,26.63,26.73,26.28,27.53,6.74,1.71,3.91,2.18,2.84,3.31,3.21,2.8,1.93,3.63,5.26,2.55,2.36
"65 - Bietenbeck et al., (2023)",5.81,4.81,6.43,7.95,6.94,4.84,5.31,4.74,8.24,7.12,3.54,2.17,3.52,5.21,4.57,3.6,5.43,5.03,4.55,7.3,7.26,6.67,3.07,2.99,7.51,5.67,5.27,3.66,5.51,6.88,5.32,3.88,5.08,2.24,5.47,3.09,2.87,9.13,2.55,4.21,3.16,6.92,1.17,6.87,12.38,9.03,7.05,2.42,7.87,7.19,5.8,5.05,4.54,8.01,2.41,3.56,24.47,29.86,24.14,28.57,29.29,27.32,31.07,25.77,100.0,27.95,25.91,23.87,28.65,6.97,4.96,6.16,4.86,3.57,6.99,7.09,5.39,1.66,6.72,2.72,2.77,4.67
66 - Bonnet (2009),4.58,3.8,7.35,6.41,6.63,6.29,6.81,3.57,7.39,6.52,13.91,3.87,4.72,4.03,5.58,14.62,6.17,5.93,6.09,6.07,6.86,5.82,4.56,5.04,8.06,6.44,6.61,3.8,8.82,8.13,5.85,4.45,6.51,4.09,7.81,5.74,5.83,6.01,5.44,3.29,3.88,5.11,2.34,6.66,8.57,6.12,6.69,3.76,6.28,5.95,6.56,5.41,4.98,8.18,4.06,2.57,27.31,28.32,25.38,30.15,29.67,26.9,32.51,26.63,27.95,100.0,25.86,24.69,29.06,10.53,5.71,8.34,2.99,3.15,6.35,6.83,7.31,3.82,6.67,4.77,4.89,6.79
"67 - Lauchande et al., (2017)",8.02,7.77,2.33,6.41,2.25,2.4,3.92,7.62,6.77,7.36,5.0,9.7,4.02,5.45,3.46,3.35,1.71,2.88,1.41,3.22,1.98,5.68,4.52,3.65,3.82,6.4,2.59,7.43,7.11,7.74,2.61,8.59,2.34,3.89,2.66,4.75,5.54,7.28,4.01,7.09,7.48,3.91,1.71,2.77,5.09,7.48,7.28,2.87,9.77,7.24,3.66,2.55,2.38,3.18,4.0,9.13,27.59,25.43,24.47,31.7,26.81,30.49,30.23,26.73,25.91,25.86,100.0,24.1,27.47,5.05,5.38,4.11,6.8,7.33,4.84,3.67,4.21,3.5,5.44,4.55,6.92,2.99
68 - Nafiou (2010),3.66,2.63,1.5,3.46,1.62,2.75,2.31,3.47,3.02,2.54,2.17,1.56,2.62,2.54,1.25,3.71,1.84,1.75,1.26,2.57,2.17,2.68,2.3,4.32,3.01,1.4,2.07,2.42,3.34,2.62,1.98,4.56,3.49,3.62,2.82,2.51,3.32,2.73,2.45,3.68,3.42,2.58,2.97,3.83,2.56,4.94,3.42,2.83,5.22,3.5,3.09,2.25,2.26,2.22,1.57,2.16,24.76,25.57,26.46,25.9,24.34,25.38,26.95,26.28,23.87,24.69,24.1,100.0,25.84,2.9,1.85,2.37,1.76,1.32,2.1,2.11,2.74,1.55,2.77,3.48,2.15,1.49
69 - Chudgar (2015),4.05,4.49,5.5,8.93,8.67,6.38,8.16,5.05,7.38,7.64,3.79,2.98,6.17,3.31,5.33,5.48,5.9,5.28,5.0,5.01,5.81,5.71,5.86,7.08,6.03,6.41,5.22,2.3,10.37,6.41,6.1,3.97,6.57,4.3,6.86,4.67,3.65,5.83,6.46,3.11,4.07,7.14,2.39,5.51,6.38,6.56,6.63,3.93,6.69,6.38,6.35,5.64,5.12,7.39,5.06,3.55,29.28,28.8,25.43,31.41,31.36,27.57,30.55,27.53,28.65,29.06,27.47,25.84,100.0,6.79,8.29,6.66,2.23,2.02,8.59,6.41,6.11,1.98,7.51,2.91,2.67,8.24
"70 - Dickerson et al., (2015)",4.51,3.98,5.12,7.93,7.22,8.86,6.9,5.58,7.51,6.95,4.01,4.56,6.61,4.98,7.14,4.35,5.89,7.27,5.95,5.1,6.92,5.75,4.03,4.46,8.35,8.19,5.74,4.64,7.55,7.43,5.38,4.67,6.86,5.29,7.99,4.56,4.73,6.35,4.18,4.76,6.51,7.72,2.72,7.34,8.69,8.15,8.53,5.41,5.88,7.93,7.72,6.97,6.21,7.53,7.55,5.47,3.11,9.97,3.55,8.56,9.05,4.27,6.93,6.74,6.97,10.53,5.05,2.9,6.79,100.0,33.2,36.66,29.8,28.14,33.85,32.04,34.08,29.81,30.26,28.99,27.06,29.78
71 - Kyei (2021),5.17,4.62,5.76,13.59,7.65,5.43,5.61,4.22,6.7,7.36,1.58,5.45,2.37,5.02,5.61,2.96,4.72,7.03,6.87,7.39,5.8,7.02,2.81,9.22,7.28,7.99,5.91,4.99,18.79,9.18,5.39,5.27,5.95,4.11,6.51,2.84,5.62,8.44,14.85,5.22,4.15,5.28,1.4,7.08,8.49,8.31,8.49,1.91,6.94,14.09,4.92,5.69,4.8,5.69,7.09,6.38,10.47,7.31,1.91,10.45,16.65,5.25,6.95,1.71,4.96,5.71,5.38,1.85,8.29,33.2,100.0,33.23,29.95,30.9,36.23,32.96,33.31,27.72,31.7,29.75,27.38,34.86
72 - Miningou (2022),4.45,4.97,5.24,10.85,6.27,6.53,6.41,4.56,8.23,6.86,3.57,3.56,3.04,5.13,9.83,4.1,5.07,7.49,4.63,5.31,6.25,5.28,7.25,4.78,7.86,7.65,5.91,4.66,7.55,7.71,5.68,3.16,7.71,4.99,7.21,4.78,4.05,5.85,5.53,3.8,4.7,6.87,2.03,12.3,9.5,7.25,9.52,3.97,7.13,6.73,8.87,8.41,5.09,6.48,5.93,6.22,4.7,11.31,3.37,6.71,7.92,3.97,7.61,3.91,6.16,8.34,4.11,2.37,6.66,36.66,33.23,100.0,30.93,30.21,36.9,33.2,45.21,42.05,33.42,30.26,27.65,30.48
73 - Zuze et Reddy (2014),15.03,10.92,2.31,7.99,3.28,2.22,2.85,13.88,9.08,15.28,3.14,6.85,2.41,6.8,3.67,2.65,3.67,3.45,2.36,4.45,2.9,13.69,3.22,9.92,3.48,4.58,2.92,14.45,7.01,15.68,2.22,14.46,3.53,3.87,3.63,3.3,7.36,10.88,6.71,13.91,5.19,3.75,2.94,2.86,5.67,14.09,15.46,4.99,11.8,9.67,4.49,3.5,2.5,2.83,4.19,21.65,4.46,6.4,7.25,6.5,7.0,13.97,13.79,2.18,4.86,2.99,6.8,1.76,2.23,29.8,29.95,30.93,100.0,38.11,29.18,28.17,27.46,27.87,27.58,29.11,32.96,26.29
74 - Barnett (2013),15.92,10.27,2.49,7.55,2.61,1.97,2.54,14.14,8.18,13.37,8.87,7.46,2.42,8.08,4.23,3.98,1.91,2.24,4.39,4.74,5.06,13.22,2.85,4.44,5.8,3.22,3.88,14.35,4.66,15.41,2.64,19.28,2.33,2.87,3.24,4.56,7.76,11.26,5.95,14.35,2.78,2.66,1.65,2.22,5.35,13.58,15.11,3.88,13.19,8.11,4.05,4.41,1.59,2.73,7.14,15.26,5.62,2.63,2.23,6.52,6.58,15.07,12.95,2.84,3.57,3.15,7.33,1.32,2.02,28.14,30.9,30.21,38.11,100.0,32.71,28.7,28.16,28.67,28.94,29.36,27.07,28.53
75 - Hossain et Bertta (2025),4.36,2.87,7.45,12.38,10.76,7.25,5.86,4.14,6.62,6.98,2.22,5.11,2.57,5.62,5.62,2.04,5.05,5.43,5.81,6.03,7.21,5.71,3.94,9.57,9.62,7.74,6.28,4.53,9.78,7.26,6.68,3.21,7.12,3.82,8.34,3.99,3.02,7.13,8.46,4.03,4.33,8.06,1.73,9.3,9.83,9.57,8.17,2.94,5.81,6.7,6.28,8.02,5.88,8.05,9.19,5.67,5.54,7.97,2.64,6.5,12.41,3.17,5.12,3.31,6.99,6.35,4.84,2.1,8.59,33.85,36.23,36.9,29.18,32.71,100.0,36.22,33.55,30.23,34.08,33.85,28.3,36.09
76 - Zhang (2006),3.96,2.21,6.28,7.31,8.85,5.77,6.92,4.21,6.41,6.69,2.61,6.65,4.81,4.61,6.43,2.4,5.32,6.85,4.63,4.98,7.1,4.92,5.28,4.74,11.19,7.08,5.94,5.06,6.83,8.36,6.38,4.27,6.57,4.84,9.44,5.94,3.42,8.57,6.42,2.87,4.71,9.41,2.06,9.59,8.03,8.4,8.86,3.25,6.07,7.37,7.17,8.35,4.79,15.15,4.73,6.53,4.75,7.82,1.73,6.07,9.14,3.18,6.27,3.21,7.09,6.83,3.67,2.11,6.41,32.04,32.96,33.2,28.17,28.7,36.22,100.0,39.8,34.53,30.83,29.88,28.5,30.12
77 - Sumida et Kawata (2021),3.17,2.55,4.18,7.87,7.09,6.37,5.4,4.39,5.92,5.89,2.12,6.96,6.26,4.05,6.39,2.9,6.03,7.21,8.41,7.19,5.93,4.65,7.12,4.59,9.61,7.74,6.55,3.96,9.06,6.79,5.44,2.94,6.97,4.14,9.6,4.63,3.75,6.86,4.27,4.04,4.18,5.18,2.08,11.71,7.1,9.48,11.12,4.37,5.28,8.56,6.34,8.47,5.03,7.21,5.16,4.73,3.42,5.34,3.6,9.94,8.09,4.06,7.91,2.8,5.39,7.31,4.21,2.74,6.11,34.08,33.31,45.21,27.46,28.16,33.55,39.8,100.0,48.77,31.51,29.16,27.36,32.03
78 - Burger (2011),2.84,3.18,0.94,2.87,3.0,2.43,1.87,3.88,2.65,2.45,1.55,5.2,4.13,3.75,1.96,3.74,1.84,2.27,1.97,1.89,2.99,1.81,6.37,3.1,5.29,3.66,5.32,3.16,2.51,4.5,2.46,3.25,3.12,3.77,5.13,3.11,2.13,2.59,3.81,2.26,3.1,2.38,1.54,6.18,3.18,3.04,4.75,3.0,2.56,2.91,3.66,3.92,2.84,3.09,4.77,6.35,2.11,2.55,2.17,3.26,4.07,4.14,2.68,1.93,1.66,3.82,3.5,1.55,1.98,29.81,27.72,42.05,27.87,28.67,30.23,34.53,48.77,100.0,27.64,30.01,28.2,28.15
79 - Foueka (2020),5.42,4.79,5.31,12.89,11.09,6.13,6.1,4.52,7.59,7.62,2.93,4.42,3.19,4.5,7.13,2.85,4.74,5.83,4.8,8.0,6.05,7.32,4.97,6.3,8.73,6.4,5.58,5.54,7.85,8.91,6.12,4.77,10.25,5.43,6.91,3.15,4.71,7.98,5.32,5.44,3.41,5.43,1.67,8.67,9.51,9.56,11.78,3.38,8.36,7.77,7.9,8.51,5.01,6.19,5.95,5.66,4.7,6.11,3.33,6.61,7.75,5.82,9.97,3.63,6.72,6.67,5.44,2.77,7.51,30.26,31.7,33.42,27.58,28.94,34.08,30.83,31.51,27.64,100.0,29.33,26.28,30.52
80 - Kanyongo et Ayieko (2017),3.81,3.93,2.18,5.28,2.4,4.91,2.58,4.15,3.34,3.46,2.8,4.92,2.43,8.09,2.62,3.9,2.33,3.79,2.14,3.49,3.31,3.34,5.46,5.73,8.11,4.36,5.97,8.99,5.63,4.95,3.2,4.37,4.45,4.39,4.41,4.08,8.3,2.95,11.97,6.16,5.1,2.96,1.54,4.98,5.75,5.5,7.15,3.59,5.25,5.52,3.94,2.78,2.47,3.72,4.43,6.38,3.62,5.17,3.73,5.37,5.72,5.12,3.79,5.26,2.72,4.77,4.55,3.48,2.91,28.99,29.75,30.26,29.11,29.36,33.85,29.88,29.16,30.01,29.33,100.0,29.34,30.11
81 - Spaull (2013),3.51,3.04,1.71,2.8,3.23,4.86,3.07,3.52,2.79,2.98,2.19,3.81,2.5,4.97,2.2,2.43,2.88,3.19,2.09,2.44,2.93,3.2,4.85,10.3,5.7,4.02,3.58,4.81,2.55,3.77,2.76,3.74,2.88,3.41,4.69,3.23,4.64,2.86,3.6,3.03,11.88,5.8,6.18,2.83,4.36,3.63,4.0,2.88,2.7,2.77,3.65,3.4,3.39,3.11,4.01,10.79,2.36,4.95,8.55,4.1,3.29,3.75,2.45,2.55,2.77,4.89,6.92,2.15,2.67,27.06,27.38,27.65,32.96,27.07,28.3,28.5,27.36,28.2,26.28,29.34,100.0,25.91
