,01 - Sanfo (2021),02 - Garrouste (2011),03 - Lee et Rudolf (2022),04 - Salah et Saxena (2025),"05 - Sanfo et al., (2024)","06 - Kuecken et al., (2013)",07 - Frölich et Michaelowa (2011),08 - Zuze et Leibbrandt (2010),"09 - Fehrler et al., (2009)","10 - Kadio et al., (2022)","11 - Kazima et al., (2022)",12 - Hanchane et Kadio (2022),13 - Valente (2019),14 - Atuhurra (2016),15 - Taylor et Spaull (2015),16 - Kazima (2014),17 - Mioko et Cappelle (2015),18 - Spaull et Taylor (2015),19 - Murimba (2005),20 - Dolata (2008),21 - Sandefur (2017),22 - Dieng et Sy (2020),23 - Mafang et al. (2022),24 - Spaul (2011),25 - Yu et Thomas (2008),26 - Bennell (2023),"27 - Paviot et al., (2008)",28 - Hungi et Thuku (2009),29 - Taniguchi (2022),30 - Smith et Barrett (2010),31 - Crouch et al. (2021),"32 - Mulera et al., (2017)",33 - Kouakou et Yeo (2025),"34 - Armand et al., (2024)",35 - Sanfo (2023),36 - Mugendawala et Muijs (2020),37 - Oduol (2006),"38 - Lee et al., (2005)","39 - Kanyongo, et al., (2006)",40 - Nguemkap et Dieng (2022),41 - Medu et Rowlands (2022),"42 - Lee et al., (2021)",43 - Lassibille et Tan (2003),44 - Nguemkap (2023),45 - Kadio (2025),"46 - Ongo et al., (2022)",47 - Kadio (2022),48 - Bekkouche et Dupraz (2023),49 - Michelowa (2001),50 - Taniguchi (2024),"51 - Miningou et al., (2019)","52 - Avom et al., (2021)",53 - Figueiredo et Dieng (2016),54 - Kouamo (2024),"55 - Ishii et Ogawa, (2024)",56 - Servaas van der Berg (2008),57 - Wamala et Seruwagi (2012),"58 - Lee et al., (2018)",59 - Venkat et Spaull (2015),60 - Armstrong (2015),"61 - Conto et al., (2023)",62 - Sanfo (2020),63 - Foueka et Elomo (2022),64 - Kanyongo et Brown (2013),"65 - Bietenbeck et al., (2023)",66 - Bonnet (2009),"67 - Lauchande et al., (2017)",68 - Nafiou (2010),69 - Chudgar (2015),"70 - Dickerson et al., (2015)",71 - Kyei (2021),72 - Miningou (2022),73 - Zuze et Reddy (2014),74 - Barnett (2013),75 - Hossain et Bertta (2025),76 - Zhang (2006),77 - Sumida et Kawata (2021),78 - Burger (2011),79 - Foueka (2020),80 - Kanyongo et Ayieko (2017),81 - Spaull (2013),"82 - Rew et al., (2022)"
01 - Sanfo (2021),100.0,33.47,24.02,30.05,24.98,14.15,14.26,26.11,21.88,25.7,14.16,18.88,12.6,17.61,14.01,13.32,13.2,12.07,12.98,14.68,12.42,23.68,14.45,14.32,14.17,12.45,12.67,24.83,16.56,24.55,12.85,24.34,13.94,14.95,15.75,18.14,19.07,21.81,16.75,24.68,13.14,13.32,12.59,12.77,17.34,24.65,24.83,13.06,24.7,19.12,4.21,3.39,1.66,2.9,3.68,13.38,4.7,2.24,3.04,6.98,6.27,23.4,13.86,4.33,4.6,2.9,6.1,2.03,2.33,3.97,4.54,3.72,14.18,14.9,3.77,3.37,2.61,2.32,4.95,3.23,2.96,1.77
02 - Garrouste (2011),33.47,100.0,23.79,29.92,25.2,13.16,13.22,23.27,21.32,21.9,15.12,18.01,13.22,18.21,13.7,14.9,13.52,13.01,12.75,15.04,13.07,20.79,14.06,15.0,13.9,12.37,13.49,21.55,16.89,21.88,12.68,21.41,13.22,14.54,13.1,13.86,20.11,24.21,16.91,23.97,15.66,13.34,13.49,14.88,16.04,23.29,22.0,13.87,20.36,20.75,3.52,1.8,2.82,2.54,2.93,11.99,6.27,3.53,4.19,10.08,5.4,10.95,11.91,10.22,4.7,3.45,7.4,2.43,4.21,3.43,4.21,4.31,10.35,9.65,2.27,1.83,2.14,2.9,4.4,3.4,2.56,1.75
03 - Lee et Rudolf (2022),24.02,23.79,100.0,26.99,27.81,15.37,15.6,13.07,15.56,15.24,12.38,12.32,12.13,12.47,17.77,13.08,14.75,16.44,15.64,14.61,17.42,15.49,12.34,12.78,19.17,15.33,14.97,12.74,17.54,14.75,16.12,12.22,14.82,12.05,15.82,12.27,13.85,18.6,12.58,12.38,13.26,18.07,11.96,17.11,16.39,17.11,16.04,12.02,15.87,15.48,4.65,5.1,5.19,5.77,2.99,2.18,1.87,10.05,1.72,5.64,6.49,1.67,4.47,2.69,6.17,6.77,1.91,1.29,5.07,4.73,5.4,4.9,2.05,2.15,7.12,5.99,3.96,0.73,5.01,1.78,1.4,4.02
04 - Salah et Saxena (2025),30.05,29.92,26.99,100.0,29.72,17.91,17.32,18.55,21.24,21.08,14.11,16.43,13.78,19.62,19.59,13.8,17.56,15.8,15.71,18.32,15.93,19.49,14.53,18.9,19.15,17.98,16.83,18.96,26.07,21.0,15.98,17.75,19.01,13.89,16.47,14.22,16.93,21.81,21.46,19.19,14.38,17.71,12.24,17.07,22.79,21.96,25.53,12.87,19.88,26.53,7.97,8.93,5.21,7.99,7.11,7.38,8.76,6.38,3.3,8.75,13.75,6.85,11.17,4.08,7.4,5.84,5.65,3.15,8.2,7.38,12.87,10.23,7.53,6.98,11.85,6.92,7.47,2.55,12.22,4.52,2.37,7.56
"05 - Sanfo et al., (2024)",24.98,25.2,27.81,29.72,100.0,16.21,17.48,13.5,16.73,16.42,12.56,14.21,12.96,13.28,16.25,13.17,15.89,15.14,15.78,16.15,18.04,17.42,15.24,17.57,22.17,16.8,16.38,13.63,18.7,18.88,17.46,13.12,16.27,12.97,18.8,13.97,14.52,19.44,16.38,14.34,13.59,17.84,12.46,18.69,17.17,18.87,17.25,13.66,16.54,16.51,6.68,4.8,5.24,8.07,5.2,1.75,5.16,6.53,1.56,5.58,9.29,2.65,5.49,1.8,6.61,6.3,1.9,1.28,8.09,6.69,7.18,5.82,2.84,2.11,10.2,8.27,6.47,2.49,10.37,1.95,2.86,6.91
"06 - Kuecken et al., (2013)",14.15,13.16,15.37,17.91,16.21,100.0,33.44,25.68,30.0,15.47,11.96,13.71,12.65,12.91,17.75,11.97,17.56,18.75,15.79,16.75,14.66,15.5,12.29,16.21,17.38,15.22,15.7,12.96,16.99,16.68,15.1,13.29,15.07,14.76,15.08,12.48,13.13,15.24,13.29,13.01,12.48,15.17,13.98,15.37,15.59,15.53,18.24,12.5,17.95,16.61,5.74,4.45,4.93,5.16,3.15,2.35,1.3,7.14,2.98,5.13,4.67,1.87,5.13,3.31,4.35,5.5,1.81,2.33,5.72,8.33,5.06,5.85,1.88,1.52,6.65,5.32,6.04,2.03,5.74,4.3,4.46,4.92
07 - Frölich et Michaelowa (2011),14.26,13.22,15.6,17.32,17.48,33.44,100.0,26.19,28.89,18.0,13.17,13.79,13.21,12.77,16.56,12.6,14.76,16.35,14.81,16.4,15.42,15.31,13.33,14.8,16.19,15.3,15.26,12.87,18.35,16.15,16.24,12.65,16.12,21.58,16.77,12.23,13.36,15.61,13.73,12.09,13.09,15.85,12.63,17.22,17.32,15.47,16.46,13.48,17.52,16.33,4.84,5.68,4.48,5.27,3.49,1.96,1.63,4.44,2.42,6.08,5.61,2.49,5.33,3.14,4.66,6.0,3.1,1.71,7.32,6.35,5.18,5.81,2.35,2.05,5.3,6.48,5.03,1.54,5.48,2.18,2.63,4.58
08 - Zuze et Leibbrandt (2010),26.11,23.27,13.07,18.55,13.5,25.68,26.19,100.0,32.38,24.34,13.7,17.67,12.9,17.52,17.12,14.66,12.56,14.51,12.56,14.27,12.83,23.0,14.74,13.61,14.8,12.23,12.47,25.31,16.41,24.91,13.17,25.11,13.68,15.6,12.85,17.82,17.6,21.82,15.36,23.25,13.14,14.63,12.62,13.3,15.52,23.6,25.2,13.26,21.71,19.82,3.67,2.96,1.86,1.92,3.53,16.06,11.71,2.55,2.78,7.24,4.58,14.51,14.03,4.11,4.44,3.1,7.02,3.26,4.69,4.91,3.71,3.71,13.11,13.32,3.49,3.76,3.8,3.3,3.86,3.55,2.87,2.82
"09 - Fehrler et al., (2009)",21.88,21.32,15.56,21.24,16.73,30.0,28.89,32.38,100.0,23.26,14.65,17.8,15.74,16.87,16.19,14.73,16.34,16.09,15.69,17.02,16.07,20.86,12.4,14.29,17.08,16.63,15.78,18.11,20.81,22.16,15.81,19.54,21.16,16.27,15.58,13.7,17.53,23.5,16.35,19.1,13.35,16.95,12.34,15.65,19.2,22.94,23.43,13.62,21.75,21.37,7.36,6.11,5.53,7.51,2.49,9.25,4.64,6.54,3.39,10.16,7.42,9.77,12.78,5.03,7.69,6.72,6.05,2.58,6.74,7.01,6.38,7.51,8.52,7.61,6.08,6.02,5.54,2.24,7.07,2.85,2.3,4.59
"10 - Kadio et al., (2022)",25.7,21.9,15.24,21.08,16.42,15.47,18.0,24.34,23.26,100.0,24.36,33.84,24.29,28.26,26.86,25.68,16.48,15.03,15.62,17.8,15.85,27.62,13.28,12.82,17.36,15.87,15.88,23.66,20.21,27.93,17.15,23.78,15.85,14.98,17.53,14.19,17.49,24.59,15.52,24.05,12.83,15.53,14.4,18.52,20.09,27.61,34.46,13.68,25.22,21.4,6.69,5.63,6.29,4.75,3.49,14.85,4.97,5.28,2.34,9.4,7.35,13.92,16.79,2.23,6.57,5.88,6.59,2.1,6.98,6.39,6.9,6.16,14.68,12.63,6.43,6.17,5.37,2.09,7.14,3.0,2.38,5.98
"11 - Kazima et al., (2022)",14.16,15.12,12.38,14.11,12.56,11.96,13.17,13.7,14.65,24.36,100.0,24.3,25.24,25.91,24.7,41.54,12.8,12.85,13.66,11.94,12.98,12.68,13.84,13.16,12.96,12.84,12.78,12.46,14.55,13.56,12.23,17.77,13.17,14.72,12.29,13.65,13.87,12.69,13.1,12.63,15.09,13.28,11.76,12.05,14.33,13.32,12.91,15.32,12.87,13.55,2.96,2.4,2.42,2.61,3.5,2.22,3.33,2.49,4.19,4.29,2.9,2.56,3.34,4.78,3.27,13.3,4.32,1.9,3.22,3.33,1.22,3.04,2.66,8.29,1.72,2.15,1.73,1.28,2.69,2.35,1.73,1.55
12 - Hanchane et Kadio (2022),18.88,18.01,12.32,16.43,14.21,13.71,13.79,17.67,17.8,33.84,24.3,100.0,25.63,26.49,23.13,23.62,12.47,12.66,14.54,12.41,13.11,19.77,14.33,14.0,14.75,15.65,13.09,16.93,14.84,16.93,12.61,16.62,13.72,14.12,13.36,13.58,18.08,17.81,15.9,17.51,13.42,12.75,11.64,13.59,17.53,17.3,17.45,12.39,21.9,16.06,3.34,2.9,3.45,3.74,6.11,7.15,4.42,1.5,1.45,6.63,4.85,6.26,5.48,3.29,1.79,3.26,9.32,1.17,2.4,3.84,4.71,2.86,6.29,6.71,4.71,5.74,6.35,4.62,3.98,4.49,3.08,2.84
13 - Valente (2019),12.6,13.22,12.13,13.78,12.96,12.65,13.21,12.9,15.74,24.29,25.24,25.63,100.0,25.35,22.8,23.69,12.92,12.74,13.36,12.75,13.15,12.35,12.58,13.57,13.39,13.01,15.92,12.74,14.69,13.86,12.15,12.96,13.35,12.93,12.68,13.51,14.07,12.91,12.87,13.28,13.75,13.24,12.19,12.61,13.88,13.94,14.54,13.04,12.37,12.28,3.28,3.26,2.22,3.27,3.68,2.79,2.96,2.9,2.26,4.14,3.48,2.76,2.61,2.95,2.9,4.1,3.62,2.22,5.54,5.73,1.94,2.58,2.0,2.0,2.18,4.26,5.74,3.64,2.69,2.03,1.97,2.03
14 - Atuhurra (2016),17.61,18.21,12.47,19.62,13.28,12.91,12.77,17.52,16.87,28.26,25.91,26.49,25.35,100.0,24.87,25.14,15.07,13.07,12.95,13.65,12.7,15.72,14.89,14.38,16.98,13.15,14.95,25.62,17.02,17.93,12.33,17.61,13.0,13.87,13.3,14.01,21.57,16.88,15.85,16.48,12.84,13.12,13.75,13.64,16.38,16.88,18.9,13.3,16.51,18.29,3.37,3.64,2.56,3.8,3.88,6.91,4.92,3.02,3.38,4.77,4.94,5.34,5.81,2.99,4.58,3.4,4.77,2.18,2.67,4.07,4.33,4.23,6.24,7.13,5.11,3.73,3.31,3.07,3.86,7.14,4.48,2.27
15 - Taylor et Spaull (2015),14.01,13.7,17.77,19.59,16.25,17.75,16.56,17.12,16.19,26.86,24.7,23.13,22.8,24.87,100.0,25.38,15.21,20.07,16.88,15.59,17.93,14.98,13.64,13.71,17.59,16.18,21.04,13.09,17.01,16.74,26.92,13.09,18.1,13.28,15.57,12.64,12.63,15.99,13.09,13.13,12.6,16.16,12.44,15.66,19.08,16.23,18.59,13.3,15.73,16.31,8.88,6.62,7.5,4.95,2.49,5.42,1.88,5.42,5.27,5.53,5.22,1.45,6.55,1.89,4.39,5.28,2.93,1.12,4.89,6.66,5.43,9.35,3.27,3.6,5.17,6.2,5.99,1.63,6.84,2.32,1.8,4.7
16 - Kazima (2014),13.32,14.9,13.08,13.8,13.17,11.97,12.6,14.66,14.73,25.68,41.54,23.62,23.69,25.14,25.38,100.0,12.89,14.38,15.85,12.82,13.76,12.23,13.98,13.21,15.73,13.74,13.55,12.71,16.47,12.96,12.26,15.09,13.19,14.81,12.33,14.27,15.3,13.71,13.58,12.84,13.31,12.4,11.87,12.25,13.73,12.92,13.3,15.36,13.79,14.75,2.4,2.81,2.3,2.17,2.17,1.76,3.61,4.24,6.13,5.7,3.04,2.86,3.43,5.6,3.4,14.0,2.86,3.33,4.82,3.81,2.46,3.63,2.2,3.46,1.63,2.04,2.4,3.35,2.39,3.36,1.93,1.57
17 - Mioko et Cappelle (2015),13.2,13.52,14.75,17.56,15.89,17.56,14.76,12.56,16.34,16.48,12.8,12.47,12.92,15.07,15.21,12.89,100.0,28.26,39.22,26.4,26.63,26.23,23.32,14.39,15.46,26.17,16.65,13.86,15.89,15.79,16.64,13.73,14.88,12.76,15.88,14.14,13.22,15.53,12.47,12.25,12.16,14.91,12.59,15.06,15.35,14.94,15.74,12.55,16.6,15.16,5.13,4.54,5.95,4.98,2.69,2.54,1.74,4.65,2.54,5.05,4.8,2.62,4.88,2.06,5.26,5.88,1.61,1.88,5.67,5.37,4.45,4.61,3.25,1.49,4.59,4.94,5.62,1.43,4.35,1.89,2.56,5.09
18 - Spaull et Taylor (2015),12.07,13.01,16.44,15.8,15.14,18.75,16.35,14.51,16.09,15.03,12.85,12.66,12.74,13.07,20.07,14.38,28.26,100.0,28.15,26.37,27.14,25.43,22.87,13.1,16.88,16.62,15.29,14.51,16.46,17.65,15.48,13.09,15.97,12.96,15.58,12.04,14.02,15.29,13.53,11.87,13.01,15.07,12.43,15.47,15.43,14.89,16.3,12.75,15.31,15.87,4.85,5.12,5.62,4.96,2.51,3.1,2.45,6.59,2.97,5.18,5.44,1.47,4.4,1.98,4.81,5.53,2.37,1.58,4.85,6.79,6.4,7.04,3.03,1.77,4.97,6.42,6.67,1.85,5.32,3.25,2.78,4.62
19 - Murimba (2005),12.98,12.75,15.64,15.71,15.78,15.79,14.81,12.56,15.69,15.62,13.66,14.54,13.36,12.95,16.88,15.85,39.22,28.15,100.0,28.86,28.88,25.97,23.58,12.8,16.98,26.15,15.41,13.18,17.25,16.99,15.81,13.04,15.09,12.12,14.96,12.59,15.74,15.81,12.26,12.27,12.6,15.86,11.69,15.35,15.28,15.14,16.26,12.88,16.76,18.01,5.68,4.94,5.64,4.97,3.12,2.36,1.54,4.19,3.76,6.97,6.22,2.27,4.93,1.72,4.4,5.77,1.3,1.17,4.76,5.51,6.45,4.28,2.05,3.9,5.41,4.26,7.99,1.62,4.45,1.83,1.65,8.02
20 - Dolata (2008),14.68,15.04,14.61,18.32,16.15,16.75,16.4,14.27,17.02,17.8,11.94,12.41,12.75,13.65,15.59,12.82,26.4,26.37,28.86,100.0,25.51,29.15,23.04,12.42,17.64,15.55,15.18,15.15,17.01,18.49,15.3,15.23,16.76,13.58,15.14,12.27,13.63,18.39,13.43,14.66,12.34,15.4,11.45,15.96,14.98,18.87,19.38,12.07,17.58,21.04,4.27,4.37,5.27,4.54,3.42,4.36,1.25,4.57,2.03,7.14,5.5,3.77,6.69,2.31,6.94,5.46,2.81,2.07,4.5,4.72,7.04,4.97,4.04,4.26,5.41,4.56,6.85,1.52,7.39,2.85,2.08,7.65
21 - Sandefur (2017),12.42,13.07,17.42,15.93,18.04,14.66,15.42,12.83,16.07,15.85,12.98,13.11,13.15,12.7,17.93,13.76,26.63,27.14,28.88,25.51,100.0,26.6,22.8,13.28,18.66,15.87,16.59,12.87,15.44,16.57,16.0,12.89,15.77,12.43,15.88,12.79,12.69,17.95,13.47,12.75,14.13,17.89,11.64,17.55,15.61,17.59,15.65,13.27,16.55,15.27,5.73,5.15,5.73,7.63,2.61,3.11,1.5,7.92,3.83,7.18,7.22,1.84,4.83,1.97,6.99,6.3,1.73,1.91,5.31,6.37,5.37,5.87,2.48,4.54,6.78,6.67,5.53,2.62,5.51,2.89,2.53,6.28
22 - Dieng et Sy (2020),23.68,20.79,15.49,19.49,17.42,15.5,15.31,23.0,20.86,27.62,12.68,19.77,12.35,15.72,14.98,12.23,26.23,25.43,25.97,29.15,26.6,100.0,24.7,13.0,16.42,16.23,15.62,24.1,18.38,29.19,15.45,23.7,18.46,12.85,16.44,11.88,17.34,23.44,17.41,23.53,13.11,16.96,12.32,17.95,17.76,29.62,27.76,13.87,24.6,20.5,4.74,4.31,10.41,4.97,2.27,12.44,5.34,5.05,1.63,9.35,8.28,14.9,16.41,2.42,6.25,5.31,5.18,2.39,5.04,5.26,6.63,5.02,13.09,12.51,5.28,4.6,4.33,1.5,6.82,2.94,2.71,6.0
23 - Mafang et al. (2022),14.45,14.06,12.34,14.53,15.24,12.29,13.33,14.74,12.4,13.28,13.84,14.33,12.58,14.89,13.64,13.98,23.32,22.87,23.58,23.04,22.8,24.7,100.0,14.02,15.48,12.83,12.57,13.98,14.69,13.71,12.78,13.1,13.9,22.4,15.71,15.1,16.48,13.02,13.94,19.93,21.79,12.87,11.99,17.85,14.96,17.33,14.35,24.52,13.86,13.91,2.57,2.99,1.55,4.58,3.18,4.08,4.12,3.09,2.34,3.56,3.22,3.92,4.28,3.38,2.59,3.85,4.18,2.06,5.31,3.44,2.43,6.44,2.73,2.28,3.61,4.52,6.26,5.54,4.49,5.08,4.36,3.34
24 - Spaul (2011),14.32,15.0,12.78,18.9,17.57,16.21,14.8,13.61,14.29,12.82,13.16,14.0,13.57,14.38,13.71,13.21,14.39,13.1,12.8,12.42,13.28,13.0,14.02,100.0,27.61,23.94,26.19,24.85,33.24,25.5,23.89,24.5,23.5,26.27,24.55,25.17,27.54,25.8,31.66,26.55,24.47,24.78,23.35,24.07,26.06,24.72,27.03,24.28,28.86,24.54,2.99,2.4,2.24,3.01,7.15,8.0,6.36,3.14,8.19,2.97,8.86,2.62,2.21,5.43,2.58,4.35,3.03,3.56,6.36,3.75,8.48,3.85,9.33,3.77,8.63,3.74,3.95,2.57,5.5,4.82,9.68,5.81
25 - Yu et Thomas (2008),14.17,13.9,19.17,19.15,22.17,17.38,16.19,14.8,17.08,17.36,12.96,14.75,13.39,16.98,17.59,15.73,15.46,16.88,16.98,17.64,18.66,16.42,15.48,27.61,100.0,26.66,26.98,27.2,28.8,29.04,27.67,24.41,28.3,24.6,27.28,31.11,34.36,30.65,29.89,25.59,24.96,30.34,23.22,29.26,30.83,29.96,33.28,24.04,28.49,28.23,7.49,5.62,6.71,13.36,5.35,3.73,2.45,7.69,2.67,9.72,11.06,2.1,5.06,3.99,6.95,7.34,3.18,2.4,5.23,7.72,6.37,6.91,2.81,4.89,8.81,10.43,8.89,4.73,7.91,7.17,5.07,10.38
26 - Bennell (2023),12.45,12.37,15.33,17.98,16.8,15.22,15.3,12.23,16.63,15.87,12.84,15.65,13.01,13.15,16.18,13.74,26.17,16.62,26.15,15.55,15.87,16.23,12.83,23.94,26.66,100.0,29.68,24.39,26.14,26.15,26.53,23.38,25.75,22.98,26.48,23.21,23.19,27.65,23.42,23.91,25.17,26.61,23.11,26.1,29.48,26.92,27.54,23.8,25.76,26.88,5.69,5.14,5.78,6.33,3.39,3.52,1.82,5.54,1.48,5.14,6.62,3.0,5.08,1.78,5.41,6.04,6.61,1.22,5.94,7.6,7.2,6.85,4.08,2.52,7.3,6.25,7.01,3.0,5.7,3.71,3.28,5.65
"27 - Paviot et al., (2008)",12.67,13.49,14.97,16.83,16.38,15.7,15.26,12.47,15.78,15.88,12.78,13.09,15.92,14.95,21.04,13.55,16.65,15.29,15.41,15.18,16.59,15.62,12.57,26.19,26.98,29.68,100.0,25.63,26.19,28.56,32.01,24.71,25.96,22.87,26.38,23.49,24.02,26.14,23.73,23.61,23.61,27.2,22.65,26.14,27.4,25.94,28.13,23.13,26.34,26.76,5.36,4.84,4.92,7.16,3.07,2.49,1.83,5.24,2.1,5.23,4.45,3.47,5.57,3.04,4.99,6.09,2.31,1.75,4.77,5.15,5.46,5.26,2.5,3.37,5.61,5.37,6.02,4.64,5.0,5.28,3.05,7.24
28 - Hungi et Thuku (2009),24.83,21.55,12.74,18.96,13.63,12.96,12.87,25.31,18.11,23.66,12.46,16.93,12.74,25.62,13.09,12.71,13.86,14.51,13.18,15.15,12.87,24.1,13.98,24.85,27.2,24.39,25.63,100.0,25.61,35.87,24.07,35.63,25.02,25.09,24.04,24.58,35.31,33.61,25.98,36.01,23.31,24.54,23.16,24.43,26.76,36.2,37.53,23.42,32.32,28.89,4.11,2.48,1.43,2.85,3.09,15.38,4.36,3.77,2.64,7.9,3.75,12.57,12.99,2.46,3.26,3.05,6.85,1.96,1.74,3.91,4.35,3.81,13.68,13.42,3.84,4.22,3.26,2.48,4.85,7.82,4.22,2.05
29 - Taniguchi (2022),16.56,16.89,17.54,26.07,18.7,16.99,18.35,16.41,20.81,20.21,14.55,14.84,14.69,17.02,17.01,16.47,15.89,16.46,17.25,17.01,15.44,18.38,14.69,33.24,28.8,26.14,26.19,25.61,100.0,30.9,26.64,26.98,26.91,26.78,26.34,24.43,27.07,31.11,35.81,26.31,24.56,28.0,24.42,29.1,31.06,30.09,30.52,28.13,30.84,44.04,6.61,5.34,5.08,6.61,5.55,5.01,10.61,6.55,3.63,10.55,17.5,4.34,7.89,4.1,5.1,7.91,6.18,2.86,9.61,6.87,18.02,6.78,6.36,4.1,9.22,6.31,8.55,2.09,7.38,5.03,2.04,10.02
30 - Smith et Barrett (2010),24.55,21.88,14.75,21.0,18.88,16.68,16.15,24.91,22.16,27.93,13.56,16.93,13.86,17.93,16.74,12.96,15.79,17.65,16.99,18.49,16.57,29.19,13.71,25.5,29.04,26.15,28.56,35.87,30.9,100.0,26.6,34.59,27.55,24.1,28.12,24.48,29.65,35.17,29.31,35.03,24.62,29.04,23.67,28.69,29.09,37.97,39.44,23.88,35.92,35.1,7.37,5.55,5.64,6.86,4.55,14.45,4.29,5.3,2.37,10.68,7.25,13.65,15.34,2.28,6.47,7.65,6.91,2.21,5.8,6.76,8.49,6.93,14.88,14.62,6.6,7.52,6.16,3.9,8.23,4.4,3.21,7.17
31 - Crouch et al. (2021),12.85,12.68,16.12,15.98,17.46,15.1,16.24,13.17,15.81,17.15,12.23,12.61,12.15,12.33,26.92,12.26,16.64,15.48,15.81,15.3,16.0,15.45,12.78,23.89,27.67,26.53,32.01,24.07,26.64,26.6,100.0,23.99,25.64,24.36,27.81,24.35,23.09,27.05,23.52,23.09,23.68,27.17,22.88,25.67,26.42,25.94,27.57,22.86,27.4,26.6,6.39,4.62,4.73,4.64,2.27,3.0,3.17,5.18,1.39,6.51,4.48,2.02,4.55,2.32,5.09,5.38,2.27,1.62,5.41,4.89,4.94,5.08,1.73,2.16,5.95,5.88,4.9,2.04,5.61,2.6,2.36,5.41
"32 - Mulera et al., (2017)",24.34,21.41,12.22,17.75,13.12,13.29,12.65,25.11,19.54,23.78,17.77,16.62,12.96,17.61,13.09,15.09,13.73,13.09,13.04,15.23,12.89,23.7,13.1,24.5,24.41,23.38,24.71,35.63,26.98,34.59,23.99,100.0,22.9,25.24,23.66,24.63,27.86,33.03,25.78,35.5,23.93,23.5,23.61,24.21,25.81,34.23,35.48,23.94,33.86,30.09,3.78,2.39,2.83,3.45,4.08,13.92,3.9,2.95,3.8,6.71,5.5,13.97,13.05,3.16,3.54,3.94,8.04,4.16,3.43,4.04,4.63,2.56,13.78,18.45,2.64,3.66,2.33,2.72,4.15,3.6,3.13,2.42
33 - Kouakou et Yeo (2025),13.94,13.22,14.82,19.01,16.27,15.07,16.12,13.68,21.16,15.85,13.17,13.72,13.35,13.0,18.1,13.19,14.88,15.97,15.09,16.76,15.77,18.46,13.9,23.5,28.3,25.75,25.96,25.02,26.91,27.55,25.64,22.9,100.0,24.63,26.98,24.02,24.81,26.28,23.52,23.84,24.73,26.89,23.27,27.89,28.11,29.19,30.39,24.39,26.81,26.66,7.14,7.17,5.43,7.61,3.54,2.24,2.37,5.66,2.6,8.17,6.14,2.01,7.2,3.8,4.66,5.86,1.79,2.71,5.79,6.29,5.46,7.26,3.04,1.85,6.63,6.06,6.45,2.74,9.72,3.93,2.48,4.32
"34 - Armand et al., (2024)",14.95,14.54,12.05,13.89,12.97,14.76,21.58,15.6,16.27,14.98,14.72,14.12,12.93,13.87,13.28,14.81,12.76,12.96,12.12,13.58,12.43,12.85,22.4,26.27,24.6,22.98,22.87,25.09,26.78,24.1,24.36,25.24,24.63,100.0,27.51,25.05,24.75,24.48,24.05,30.14,29.65,23.48,23.73,28.02,25.03,25.22,25.93,31.0,26.07,25.1,2.82,3.44,2.8,2.47,3.49,3.77,2.71,2.81,3.16,3.16,3.2,2.53,2.79,5.26,1.74,3.4,3.01,3.02,3.43,4.76,3.58,4.33,3.38,2.32,3.22,4.2,3.59,3.34,4.86,4.0,2.87,1.95
35 - Sanfo (2023),15.75,13.1,15.82,16.47,18.8,15.08,16.77,12.85,15.58,17.53,12.29,13.36,12.68,13.3,15.57,12.33,15.88,15.58,14.96,15.14,15.88,16.44,15.71,24.55,27.28,26.48,26.38,24.04,26.34,28.12,27.81,23.66,26.98,27.51,100.0,24.71,24.01,26.42,24.33,24.96,23.76,26.35,23.16,29.08,28.25,26.74,28.77,26.05,26.54,26.41,7.62,6.35,5.06,4.99,2.31,2.14,2.49,4.17,1.59,5.87,6.81,3.9,4.66,2.7,4.65,6.74,1.54,1.9,5.5,7.54,5.9,6.61,3.08,2.71,7.73,8.99,8.93,4.71,6.56,4.04,4.47,4.79
36 - Mugendawala et Muijs (2020),18.14,13.86,12.27,14.22,13.97,12.48,12.23,17.82,13.7,14.19,13.65,13.58,13.51,14.01,12.64,14.27,14.14,12.04,12.59,12.27,12.79,11.88,15.1,25.17,31.11,23.21,23.49,24.58,24.43,24.48,24.35,24.63,24.02,25.05,24.71,100.0,26.15,24.32,25.22,24.46,24.03,23.54,23.16,23.98,25.64,24.97,24.88,24.05,24.39,24.71,5.12,3.5,2.16,10.25,6.35,3.01,10.53,2.92,2.58,5.23,3.75,3.37,5.5,3.78,2.9,5.31,4.38,2.34,4.28,3.88,2.3,4.08,2.74,3.96,3.29,5.12,4.03,2.52,2.57,3.42,2.65,5.65
37 - Oduol (2006),19.07,20.11,13.85,16.93,14.52,13.13,13.36,17.6,17.53,17.49,13.87,18.08,14.07,21.57,12.63,15.3,13.22,14.02,15.74,13.63,12.69,17.34,16.48,27.54,34.36,23.19,24.02,35.31,27.07,29.65,23.09,27.86,24.81,24.75,24.01,26.15,100.0,29.64,28.5,28.85,25.81,25.58,22.86,23.69,31.33,30.07,28.67,25.91,28.31,27.94,2.89,2.3,1.8,4.28,5.31,6.86,4.78,4.2,3.88,15.58,6.99,7.46,8.39,5.51,2.33,5.02,4.86,2.65,2.99,4.04,5.02,3.35,6.71,7.04,2.42,2.69,3.21,1.69,4.17,7.46,3.88,2.75
"38 - Lee et al., (2005)",21.81,24.21,18.6,21.81,19.44,15.24,15.61,21.82,23.5,24.59,12.69,17.81,12.91,16.88,15.99,13.71,15.53,15.29,15.81,18.39,17.95,23.44,13.02,25.8,30.65,27.65,26.14,33.61,31.11,35.17,27.05,33.03,26.28,24.48,26.42,24.32,29.64,100.0,26.57,32.3,25.37,28.18,24.13,29.68,30.28,36.65,37.04,24.72,33.91,35.71,7.09,6.03,5.27,7.59,2.82,11.38,5.41,6.77,2.41,10.48,9.8,10.58,13.05,2.26,8.75,5.41,6.51,2.16,5.33,5.7,7.92,5.24,10.26,10.64,6.71,7.82,6.04,2.08,7.26,2.34,2.3,4.98
"39 - Kanyongo, et al., (2006)",16.75,16.91,12.58,21.46,16.38,13.29,13.73,15.36,16.35,15.52,13.1,15.9,12.87,15.85,13.09,13.58,12.47,13.53,12.26,13.43,13.47,17.41,13.94,31.66,29.89,23.42,23.73,25.98,35.81,29.31,23.52,25.78,23.52,24.05,24.33,25.22,28.5,26.57,100.0,26.35,23.97,23.8,22.68,25.23,28.77,26.54,26.47,24.24,25.46,30.39,3.11,2.24,2.68,4.31,5.88,4.64,10.87,2.77,1.79,5.43,14.38,4.28,4.63,2.96,2.21,4.78,3.63,2.08,5.92,3.64,14.03,4.83,6.06,5.3,7.82,5.98,3.78,3.44,4.81,11.21,3.12,6.86
40 - Nguemkap et Dieng (2022),24.68,23.97,12.38,19.19,14.34,13.01,12.09,23.25,19.1,24.05,12.63,17.51,13.28,16.48,13.13,12.84,12.25,11.87,12.27,14.66,12.75,23.53,19.93,26.55,25.59,23.91,23.61,36.01,26.31,35.03,23.09,35.5,23.84,30.14,24.96,24.46,28.85,32.3,26.35,100.0,31.04,24.03,24.41,27.51,26.1,51.71,37.75,30.49,33.64,28.86,2.24,2.17,1.38,3.18,2.49,13.78,4.2,3.3,4.78,7.27,4.24,12.92,13.48,2.57,3.74,2.48,6.31,2.92,2.38,4.15,4.68,3.31,13.3,13.59,3.57,2.34,3.42,1.84,4.85,5.56,2.54,2.94
41 - Medu et Rowlands (2022),13.14,15.66,13.26,14.38,13.59,12.48,13.09,13.14,13.35,12.83,15.09,13.42,13.75,12.84,12.6,13.31,12.16,13.01,12.6,12.34,14.13,13.11,21.79,24.47,24.96,25.17,23.61,23.31,24.56,24.62,23.68,23.93,24.73,29.65,23.76,24.03,25.81,25.37,23.97,31.04,100.0,27.49,26.38,24.48,24.33,26.71,25.77,33.91,24.23,24.2,2.59,2.43,2.08,3.06,3.36,3.69,2.03,5.89,3.02,3.29,3.46,2.65,2.5,4.01,2.54,3.05,6.56,2.78,3.32,5.74,3.7,4.25,4.66,2.34,3.84,4.17,3.61,2.65,3.05,4.65,11.14,2.8
"42 - Lee et al., (2021)",13.32,13.34,18.07,17.71,17.84,15.17,15.85,14.63,16.95,15.53,13.28,12.75,13.24,13.12,16.16,12.4,14.91,15.07,15.86,15.4,17.89,16.96,12.87,24.78,30.34,26.61,27.2,24.54,28.0,29.04,27.17,23.5,26.89,23.48,26.35,23.54,25.58,28.18,23.8,24.03,27.49,100.0,25.73,29.05,27.8,30.05,27.02,23.35,27.5,28.62,5.88,5.65,5.49,9.25,4.14,3.88,1.91,9.58,1.65,5.07,7.29,2.04,4.67,1.92,6.66,4.68,3.35,2.17,6.59,7.05,4.84,6.25,3.3,2.27,7.5,8.94,4.69,1.99,4.91,2.44,5.29,5.39
43 - Lassibille et Tan (2003),12.59,13.49,11.96,12.24,12.46,13.98,12.63,12.62,12.34,14.4,11.76,11.64,12.19,13.75,12.44,11.87,12.59,12.43,11.69,11.45,11.64,12.32,11.99,23.35,23.22,23.11,22.65,23.16,24.42,23.67,22.88,23.61,23.27,23.73,23.16,23.16,22.86,24.13,22.68,24.41,26.38,25.73,100.0,27.06,23.42,24.68,24.95,23.52,23.98,23.02,2.62,2.47,1.18,1.25,1.47,1.63,1.37,3.26,2.07,1.24,1.95,1.38,2.1,1.69,0.89,1.89,1.27,2.68,2.03,2.36,1.09,1.58,2.51,1.28,1.34,1.61,1.62,1.19,1.29,1.2,5.56,1.0
44 - Nguemkap (2023),12.77,14.88,17.11,17.07,18.69,15.37,17.22,13.3,15.65,18.52,12.05,13.59,12.61,13.64,15.66,12.25,15.06,15.47,15.35,15.96,17.55,17.95,17.85,24.07,29.26,26.1,26.14,24.43,29.1,28.69,25.67,24.21,27.89,28.02,29.08,23.98,23.69,29.68,25.23,27.51,24.48,29.05,27.06,100.0,26.99,33.68,29.04,24.25,26.88,27.63,4.94,6.9,6.04,7.5,3.41,2.61,2.88,7.37,2.25,5.59,9.03,2.51,4.89,2.96,6.51,6.05,2.14,3.12,4.93,6.64,6.4,11.51,2.37,1.72,8.7,9.11,10.9,5.64,7.88,4.48,2.36,5.07
45 - Kadio (2025),17.34,16.04,16.39,22.79,17.17,15.59,17.32,15.52,19.2,20.09,14.33,17.53,13.88,16.38,19.08,13.73,15.35,15.43,15.28,14.98,15.61,17.76,14.96,26.06,30.83,29.48,27.4,26.76,31.06,29.09,26.42,25.81,28.11,25.03,28.25,25.64,31.33,30.28,28.77,26.1,24.33,27.8,23.42,26.99,100.0,29.75,33.25,25.33,29.21,31.03,9.28,8.7,5.5,6.86,4.76,6.34,4.65,5.03,2.47,10.97,7.66,4.08,9.88,2.92,10.71,7.88,4.63,2.15,5.76,8.21,7.91,8.79,5.33,4.79,9.53,7.43,6.56,2.68,8.92,5.58,3.73,5.31
"46 - Ongo et al., (2022)",24.65,23.29,17.11,21.96,18.87,15.53,15.47,23.6,22.94,27.61,13.32,17.3,13.94,16.88,16.23,12.92,14.94,14.89,15.14,18.87,17.59,29.62,17.33,24.72,29.96,26.92,25.94,36.2,30.09,37.97,25.94,34.23,29.19,25.22,26.74,24.97,30.07,36.65,26.54,51.71,26.71,30.05,24.68,33.68,29.75,100.0,39.61,25.36,35.65,32.04,5.23,4.69,7.27,10.52,3.4,13.93,4.68,9.16,3.17,10.07,9.98,13.71,16.25,2.88,8.42,5.3,6.62,4.22,5.82,7.52,7.91,6.88,13.47,12.88,9.06,7.91,9.0,2.7,9.02,5.14,3.17,5.99
47 - Kadio (2022),24.83,22.0,16.04,25.53,17.25,18.24,16.46,25.2,23.43,34.46,12.91,17.45,14.54,18.9,18.59,13.3,15.74,16.3,16.26,19.38,15.65,27.76,14.35,27.03,33.28,27.54,28.13,37.53,30.52,39.44,27.57,35.48,30.39,25.93,28.77,24.88,28.67,37.04,26.47,37.75,25.77,27.02,24.95,29.04,33.25,39.61,100.0,24.66,36.26,33.26,10.3,8.64,5.62,5.89,4.62,16.92,4.86,5.28,2.63,10.02,8.44,14.11,18.34,2.18,6.61,6.05,6.52,2.96,5.9,7.8,7.78,8.73,14.74,14.18,7.38,7.98,10.25,4.07,11.09,6.13,3.37,5.64
48 - Bekkouche et Dupraz (2023),13.06,13.87,12.02,12.87,13.66,12.5,13.48,13.26,13.62,13.68,15.32,12.39,13.04,13.3,13.3,15.36,12.55,12.75,12.88,12.07,13.27,13.87,24.52,24.28,24.04,23.8,23.13,23.42,28.13,23.88,22.86,23.94,24.39,31.0,26.05,24.05,25.91,24.72,24.24,30.49,33.91,23.35,23.52,24.25,25.33,25.36,24.66,100.0,24.14,25.86,2.26,2.74,1.67,2.52,3.37,2.54,2.2,2.49,3.46,2.91,3.97,2.03,3.02,5.54,1.95,3.23,2.29,2.36,3.18,4.97,1.49,3.43,4.31,3.44,2.54,2.68,3.76,2.68,2.83,3.06,2.33,1.34
49 - Michelowa (2001),24.7,20.36,15.87,19.88,16.54,17.95,17.52,21.71,21.75,25.22,12.87,21.9,12.37,16.51,15.73,13.79,16.6,15.31,16.76,17.58,16.55,24.6,13.86,28.86,28.49,25.76,26.34,32.32,30.84,35.92,27.4,33.86,26.81,26.07,26.54,24.39,28.31,33.91,25.46,33.64,24.23,27.5,23.98,26.88,29.21,35.65,36.26,24.14,100.0,31.92,7.51,7.13,5.59,5.02,3.56,11.46,3.83,4.86,2.24,10.63,6.97,12.78,14.35,2.76,7.29,5.53,8.66,4.65,6.06,5.39,6.56,6.75,11.19,12.53,5.37,5.48,4.87,2.13,7.91,4.89,2.31,6.7
50 - Taniguchi (2024),19.12,20.75,15.48,26.53,16.51,16.61,16.33,19.82,21.37,21.4,13.55,16.06,12.28,18.29,16.31,14.75,15.16,15.87,18.01,21.04,15.27,20.5,13.91,24.54,28.23,26.88,26.76,28.89,44.04,35.1,26.6,30.09,26.66,25.1,26.41,24.71,27.94,35.71,30.39,28.86,24.2,28.62,23.02,27.63,31.03,32.04,33.26,25.86,31.92,100.0,5.76,5.37,4.6,7.36,2.81,7.92,5.31,5.47,2.61,10.29,9.73,7.37,9.84,3.07,6.92,5.47,6.53,3.34,5.94,7.14,12.85,6.02,9.03,7.5,6.12,6.68,7.93,2.43,7.21,4.68,2.25,8.07
"51 - Miningou et al., (2019)",4.21,3.52,4.65,7.97,6.68,5.74,4.84,3.67,7.36,6.69,2.96,3.34,3.28,3.37,8.88,2.4,5.13,4.85,5.68,4.27,5.73,4.74,2.57,2.99,7.49,5.69,5.36,4.11,6.61,7.37,6.39,3.78,7.14,2.82,7.62,5.12,2.89,7.09,3.11,2.24,2.59,5.88,2.62,4.94,9.28,5.23,10.3,2.26,7.51,5.76,100.0,36.7,30.37,28.21,25.83,27.76,2.96,5.15,2.81,7.11,5.28,3.73,7.7,4.12,5.55,6.27,3.46,2.95,5.98,7.2,4.54,8.37,3.91,3.56,5.96,6.6,5.92,3.32,7.47,3.54,3.2,4.54
"52 - Avom et al., (2021)",3.39,1.8,5.1,8.93,4.8,4.45,5.68,2.96,6.11,5.63,2.4,2.9,3.26,3.64,6.62,2.81,4.54,5.12,4.94,4.37,5.15,4.31,2.99,2.4,5.62,5.14,4.84,2.48,5.34,5.55,4.62,2.39,7.17,3.44,6.35,3.5,2.3,6.03,2.24,2.17,2.43,5.65,2.47,6.9,8.7,4.69,8.64,2.74,7.13,5.37,36.7,100.0,28.67,27.22,25.57,24.66,2.73,4.83,2.03,5.42,6.17,2.23,7.23,2.64,4.92,5.24,2.36,2.21,5.53,6.3,5.17,7.86,2.98,3.68,7.66,7.76,7.81,3.37,7.82,2.29,2.84,4.74
53 - Figueiredo et Dieng (2016),1.66,2.82,5.19,5.21,5.24,4.93,4.48,1.86,5.53,6.29,2.42,3.45,2.22,2.56,7.5,2.3,5.95,5.62,5.64,5.27,5.73,10.41,1.55,2.24,6.71,5.78,4.92,1.43,5.08,5.64,4.73,2.83,5.43,2.8,5.06,2.16,1.8,5.27,2.68,1.38,2.08,5.49,1.18,6.04,5.5,7.27,5.62,1.67,5.59,4.6,30.37,28.67,100.0,27.75,24.59,26.03,1.18,4.13,1.63,4.74,4.62,1.31,4.13,1.64,4.22,4.54,1.93,1.97,4.6,5.72,4.46,4.71,2.18,1.22,5.63,4.53,4.66,2.49,4.74,2.22,2.95,4.58
54 - Kouamo (2024),2.9,2.54,5.77,7.99,8.07,5.16,5.27,1.92,7.51,4.75,2.61,3.74,3.27,3.8,4.95,2.17,4.98,4.96,4.97,4.54,7.63,4.97,4.58,3.01,13.36,6.33,7.16,2.85,6.61,6.86,4.64,3.45,7.61,2.47,4.99,10.25,4.28,7.59,4.31,3.18,3.06,9.25,1.25,7.5,6.86,10.52,5.89,2.52,5.02,7.36,28.21,27.22,27.75,100.0,26.54,24.77,3.53,8.53,3.55,7.12,8.93,2.64,6.63,5.21,7.59,7.31,2.68,1.85,6.9,6.88,5.29,5.97,2.37,2.36,7.64,14.61,6.68,2.56,5.65,3.19,2.58,7.81
"55 - Ishii et Ogawa, (2024)",3.68,2.93,2.99,7.11,5.2,3.15,3.49,3.53,2.49,3.49,3.5,6.11,3.68,3.88,2.49,2.17,2.69,2.51,3.12,3.42,2.61,2.27,3.18,7.15,5.35,3.39,3.07,3.09,5.55,4.55,2.27,4.08,3.54,3.49,2.31,6.35,5.31,2.82,5.88,2.49,3.36,4.14,1.47,3.41,4.76,3.4,4.62,3.37,3.56,2.81,25.83,25.57,24.59,26.54,100.0,24.74,5.03,3.87,2.06,3.02,9.92,4.79,1.74,3.93,2.1,3.64,3.5,1.39,4.61,6.84,6.44,5.05,3.48,6.17,8.54,3.95,4.38,3.96,5.12,3.67,3.28,5.2
56 - Servaas van der Berg (2008),13.38,11.99,2.18,7.38,1.75,2.35,1.96,16.06,9.25,14.85,2.22,7.15,2.79,6.91,5.42,1.76,2.54,3.1,2.36,4.36,3.11,12.44,4.08,8.0,3.73,3.52,2.49,15.38,5.01,14.45,3.0,13.92,2.24,3.77,2.14,3.01,6.86,11.38,4.64,13.78,3.69,3.88,1.63,2.61,6.34,13.93,16.92,2.54,11.46,7.92,27.76,24.66,26.03,24.77,24.74,100.0,3.47,2.66,8.21,7.48,4.53,12.98,12.73,2.4,3.14,1.96,8.44,1.76,2.89,4.66,5.62,5.4,20.96,14.38,5.29,5.67,4.03,5.46,5.09,5.85,10.03,3.76
57 - Wamala et Seruwagi (2012),4.7,6.27,1.87,8.76,5.16,1.3,1.63,11.71,4.64,4.97,3.33,4.42,2.96,4.92,1.88,3.61,1.74,2.45,1.54,1.25,1.5,5.34,4.12,6.36,2.45,1.82,1.83,4.36,10.61,4.29,3.17,3.9,2.37,2.71,2.49,10.53,4.78,5.41,10.87,4.2,2.03,1.91,1.37,2.88,4.65,4.68,4.86,2.2,3.83,5.31,2.96,2.73,1.18,3.53,5.03,3.47,100.0,25.31,23.93,30.15,32.04,27.21,30.33,26.19,24.1,26.66,26.92,24.38,28.74,2.25,9.54,4.06,3.75,5.03,4.59,3.86,2.82,1.24,3.86,2.42,1.61,4.87
"58 - Lee et al., (2018)",2.24,3.53,10.05,6.38,6.53,7.14,4.44,2.55,6.54,5.28,2.49,1.5,2.9,3.02,5.42,4.24,4.65,6.59,4.19,4.57,7.92,5.05,3.09,3.14,7.69,5.54,5.24,3.77,6.55,5.3,5.18,2.95,5.66,2.81,4.17,2.92,4.2,6.77,2.77,3.3,5.89,9.58,3.26,7.37,5.03,9.16,5.28,2.49,4.86,5.47,5.15,4.83,4.13,8.53,3.87,2.66,25.31,100.0,24.41,29.59,31.24,25.45,28.42,26.1,29.42,27.52,24.94,24.9,27.99,9.08,6.71,10.39,5.68,2.3,7.21,7.19,4.76,1.69,5.37,4.24,4.26,5.46
59 - Venkat et Spaull (2015),3.04,4.19,1.72,3.3,1.56,2.98,2.42,2.78,3.39,2.34,4.19,1.45,2.26,3.38,5.27,6.13,2.54,2.97,3.76,2.03,3.83,1.63,2.34,8.19,2.67,1.48,2.1,2.64,3.63,2.37,1.39,3.8,2.6,3.16,1.59,2.58,3.88,2.41,1.79,4.78,3.02,1.65,2.07,2.25,2.47,3.17,2.63,3.46,2.24,2.61,2.81,2.03,1.63,3.55,2.06,8.21,23.93,24.41,100.0,26.99,24.15,24.62,25.72,31.14,23.76,24.7,24.0,25.93,24.93,2.91,1.41,2.72,6.73,1.84,2.15,1.22,3.1,1.51,2.75,2.96,8.12,1.16
60 - Armstrong (2015),6.98,10.08,5.64,8.75,5.58,5.13,6.08,7.24,10.16,9.4,4.29,6.63,4.14,4.77,5.53,5.7,5.05,5.18,6.97,7.14,7.18,9.35,3.56,2.97,9.72,5.14,5.23,7.9,10.55,10.68,6.51,6.71,8.17,3.16,5.87,5.23,15.58,10.48,5.43,7.27,3.29,5.07,1.24,5.59,10.97,10.07,10.02,2.91,10.63,10.29,7.11,5.42,4.74,7.12,3.02,7.48,30.15,29.59,26.99,100.0,30.53,30.45,34.74,38.74,28.27,29.45,31.14,25.4,30.56,7.8,9.83,6.09,5.86,6.08,5.67,5.31,9.49,2.48,5.89,4.2,3.21,7.07
"61 - Conto et al., (2023)",6.27,5.4,6.49,13.75,9.29,4.67,5.61,4.58,7.42,7.35,2.9,4.85,3.48,4.94,5.22,3.04,4.8,5.44,6.22,5.5,7.22,8.28,3.22,8.86,11.06,6.62,4.45,3.75,17.5,7.25,4.48,5.5,6.14,3.2,6.81,3.75,6.99,9.8,14.38,4.24,3.46,7.29,1.95,9.03,7.66,9.98,8.44,3.97,6.97,9.73,5.28,6.17,4.62,8.93,9.92,4.53,32.04,31.24,24.15,30.53,100.0,30.46,30.29,26.5,28.58,28.61,25.82,23.44,30.15,8.09,15.88,7.01,6.24,5.91,11.58,8.4,7.35,3.42,6.77,4.76,2.62,7.63
62 - Sanfo (2020),23.4,10.95,1.67,6.85,2.65,1.87,2.49,14.51,9.77,13.92,2.56,6.26,2.76,5.34,1.45,2.86,2.62,1.47,2.27,3.77,1.84,14.9,3.92,2.62,2.1,3.0,3.47,12.57,4.34,13.65,2.02,13.97,2.01,2.53,3.9,3.37,7.46,10.58,4.28,12.92,2.65,2.04,1.38,2.51,4.08,13.71,14.11,2.03,12.78,7.37,3.73,2.23,1.31,2.64,4.79,12.98,27.21,25.45,24.62,30.45,30.46,100.0,37.43,26.38,26.35,25.59,29.2,24.25,26.19,3.26,4.49,3.08,13.12,14.46,2.27,2.37,3.15,3.3,4.67,3.93,2.95,2.46
63 - Foueka et Elomo (2022),13.86,11.91,4.47,11.17,5.49,5.13,5.33,14.03,12.78,16.79,3.34,5.48,2.61,5.81,6.55,3.43,4.88,4.4,4.93,6.69,4.83,16.41,4.28,2.21,5.06,5.08,5.57,12.99,7.89,15.34,4.55,13.05,7.2,2.79,4.66,5.5,8.39,13.05,4.63,13.48,2.5,4.67,2.1,4.89,9.88,16.25,18.34,3.02,14.35,9.84,7.7,7.23,4.13,6.63,1.74,12.73,30.33,28.42,25.72,34.74,30.29,37.43,100.0,26.84,30.53,31.2,29.62,26.3,29.89,6.25,6.36,7.03,13.06,12.36,4.41,5.43,7.51,1.84,9.23,2.69,1.78,4.44
64 - Kanyongo et Brown (2013),4.33,10.22,2.69,4.08,1.8,3.31,3.14,4.11,5.03,2.23,4.78,3.29,2.95,2.99,1.89,5.6,2.06,1.98,1.72,2.31,1.97,2.42,3.38,5.43,3.99,1.78,3.04,2.46,4.1,2.28,2.32,3.16,3.8,5.26,2.7,3.78,5.51,2.26,2.96,2.57,4.01,1.92,1.69,2.96,2.92,2.88,2.18,5.54,2.76,3.07,4.12,2.64,1.64,5.21,3.93,2.4,26.19,26.1,31.14,38.74,26.5,26.38,26.84,100.0,25.34,26.01,26.3,25.73,27.02,5.8,1.2,3.24,1.61,2.48,2.5,2.36,2.29,1.32,2.9,4.25,1.95,1.8
"65 - Bietenbeck et al., (2023)",4.6,4.7,6.17,7.4,6.61,4.35,4.66,4.44,7.69,6.57,3.27,1.79,2.9,4.58,4.39,3.4,5.26,4.81,4.4,6.94,6.99,6.25,2.59,2.58,6.95,5.41,4.99,3.26,5.1,6.47,5.09,3.54,4.66,1.74,4.65,2.9,2.33,8.75,2.21,3.74,2.54,6.66,0.89,6.51,10.71,8.42,6.61,1.95,7.29,6.92,5.55,4.92,4.22,7.59,2.1,3.14,24.1,29.42,23.76,28.27,28.58,26.35,30.53,25.34,100.0,27.48,25.51,23.58,28.26,6.55,4.65,5.72,4.48,3.23,6.53,6.66,5.08,1.16,6.17,2.08,2.25,4.24
66 - Bonnet (2009),2.9,3.45,6.77,5.84,6.3,5.5,6.0,3.1,6.72,5.88,13.3,3.26,4.1,3.4,5.28,14.0,5.88,5.53,5.77,5.46,6.3,5.31,3.85,4.35,7.34,6.04,6.09,3.05,7.91,7.65,5.38,3.94,5.86,3.4,6.74,5.31,5.02,5.41,4.78,2.48,3.05,4.68,1.89,6.05,7.88,5.3,6.05,3.23,5.53,5.47,6.27,5.24,4.54,7.31,3.64,1.96,26.66,27.52,24.7,29.45,28.61,25.59,31.2,26.01,27.48,100.0,25.27,24.25,28.4,9.82,5.09,7.58,2.39,2.66,5.53,6.0,6.75,3.04,5.92,3.87,4.24,6.21
"67 - Lauchande et al., (2017)",6.1,7.4,1.91,5.65,1.9,1.81,3.1,7.02,6.05,6.59,4.32,9.32,3.62,4.77,2.93,2.86,1.61,2.37,1.3,2.81,1.73,5.18,4.18,3.03,3.18,6.61,2.31,6.85,6.18,6.91,2.27,8.04,1.79,3.01,1.54,4.38,4.86,6.51,3.63,6.31,6.56,3.35,1.27,2.14,4.63,6.62,6.52,2.29,8.66,6.53,3.46,2.36,1.93,2.68,3.5,8.44,26.92,24.94,24.0,31.14,25.82,29.2,29.62,26.3,25.51,25.27,100.0,23.68,27.18,4.17,4.49,3.19,6.21,6.52,4.19,2.7,3.43,2.61,4.51,3.62,5.74,2.27
68 - Nafiou (2010),2.03,2.43,1.29,3.15,1.28,2.33,1.71,3.26,2.58,2.1,1.9,1.17,2.22,2.18,1.12,3.33,1.88,1.58,1.17,2.07,1.91,2.39,2.06,3.56,2.4,1.22,1.75,1.96,2.86,2.21,1.62,4.16,2.71,3.02,1.9,2.34,2.65,2.16,2.08,2.92,2.78,2.17,2.68,3.12,2.15,4.22,2.96,2.36,4.65,3.34,2.95,2.21,1.97,1.85,1.39,1.76,24.38,24.9,25.93,25.4,23.44,24.25,26.3,25.73,23.58,24.25,23.68,100.0,25.33,2.41,1.56,2.04,1.39,1.07,1.64,1.62,2.46,1.05,2.21,2.71,1.7,1.16
69 - Chudgar (2015),2.33,4.21,5.07,8.2,8.09,5.72,7.32,4.69,6.74,6.98,3.22,2.4,5.54,2.67,4.89,4.82,5.67,4.85,4.76,4.5,5.31,5.04,5.31,6.36,5.23,5.94,4.77,1.74,9.61,5.8,5.41,3.43,5.79,3.43,5.5,4.28,2.99,5.33,5.92,2.38,3.32,6.59,2.03,4.93,5.76,5.82,5.9,3.18,6.06,5.94,5.98,5.53,4.6,6.9,4.61,2.89,28.74,27.99,24.93,30.56,30.15,26.19,29.89,27.02,28.26,28.4,27.18,25.33,100.0,6.0,7.52,6.07,1.68,1.63,7.87,5.66,5.53,1.22,6.69,1.92,1.99,7.65
"70 - Dickerson et al., (2015)",3.97,3.43,4.73,7.38,6.69,8.33,6.35,4.91,7.01,6.39,3.33,3.84,5.73,4.07,6.66,3.81,5.37,6.79,5.51,4.72,6.37,5.26,3.44,3.75,7.72,7.6,5.15,3.91,6.87,6.76,4.89,4.04,6.29,4.76,7.54,3.88,4.04,5.7,3.64,4.15,5.74,7.05,2.36,6.64,8.21,7.52,7.8,4.97,5.39,7.14,7.2,6.3,5.72,6.88,6.84,4.66,2.25,9.08,2.91,7.8,8.09,3.26,6.25,5.8,6.55,9.82,4.17,2.41,6.0,100.0,31.97,34.96,28.69,26.87,32.37,30.61,32.6,28.59,29.06,27.61,25.9,28.55
71 - Kyei (2021),4.54,4.21,5.4,12.87,7.18,5.06,5.18,3.71,6.38,6.9,1.22,4.71,1.94,4.33,5.43,2.46,4.45,6.4,6.45,7.04,5.37,6.63,2.43,8.48,6.37,7.2,5.46,4.35,18.02,8.49,4.94,4.63,5.46,3.58,5.9,2.3,5.02,7.92,14.03,4.68,3.7,4.84,1.09,6.4,7.91,7.91,7.78,1.49,6.56,12.85,4.54,5.17,4.46,5.29,6.44,5.62,9.54,6.71,1.41,9.83,15.88,4.49,6.36,1.2,4.65,5.09,4.49,1.56,7.52,31.97,100.0,31.47,28.68,29.13,34.37,30.98,31.71,26.18,30.3,27.93,26.05,33.37
72 - Miningou (2022),3.72,4.31,4.9,10.23,5.82,5.85,5.81,3.71,7.51,6.16,3.04,2.86,2.58,4.23,9.35,3.63,4.61,7.04,4.28,4.97,5.87,5.02,6.44,3.85,6.91,6.85,5.26,3.81,6.78,6.93,5.08,2.56,7.26,4.33,6.61,4.08,3.35,5.24,4.83,3.31,4.25,6.25,1.58,11.51,8.79,6.88,8.73,3.43,6.75,6.02,8.37,7.86,4.71,5.97,5.05,5.4,4.06,10.39,2.72,6.09,7.01,3.08,7.03,3.24,5.72,7.58,3.19,2.04,6.07,34.96,31.47,100.0,29.4,28.62,35.17,31.32,42.99,39.98,32.06,28.52,26.22,29.0
73 - Zuze et Reddy (2014),14.18,10.35,2.05,7.53,2.84,1.88,2.35,13.11,8.52,14.68,2.66,6.29,2.0,6.24,3.27,2.2,3.25,3.03,2.05,4.04,2.48,13.09,2.73,9.33,2.81,4.08,2.5,13.68,6.36,14.88,1.73,13.78,3.04,3.38,3.08,2.74,6.71,10.26,6.06,13.3,4.66,3.3,2.51,2.37,5.33,13.47,14.74,4.31,11.19,9.03,3.91,2.98,2.18,2.37,3.48,20.96,3.75,5.68,6.73,5.86,6.24,13.12,13.06,1.61,4.48,2.39,6.21,1.39,1.68,28.69,28.68,29.4,100.0,36.59,27.85,26.77,26.26,26.66,26.45,27.81,31.65,25.14
74 - Barnett (2013),14.9,9.65,2.15,6.98,2.11,1.52,2.05,13.32,7.61,12.63,8.29,6.71,2.0,7.13,3.6,3.46,1.49,1.77,3.9,4.26,4.54,12.51,2.28,3.77,4.89,2.52,3.37,13.42,4.1,14.62,2.16,18.45,1.85,2.32,2.71,3.96,7.04,10.64,5.3,13.59,2.34,2.27,1.28,1.72,4.79,12.88,14.18,3.44,12.53,7.5,3.56,3.68,1.22,2.36,6.17,14.38,5.03,2.3,1.84,6.08,5.91,14.46,12.36,2.48,3.23,2.66,6.52,1.07,1.63,26.87,29.13,28.62,36.59,100.0,30.44,26.95,26.64,27.11,27.4,27.64,25.68,27.1
75 - Hossain et Bertta (2025),3.77,2.27,7.12,11.85,10.2,6.65,5.3,3.49,6.08,6.43,1.72,4.71,2.18,5.11,5.17,1.63,4.59,4.97,5.41,5.41,6.78,5.28,3.61,8.63,8.81,7.3,5.61,3.84,9.22,6.6,5.95,2.64,6.63,3.22,7.73,3.29,2.42,6.71,7.82,3.57,3.84,7.5,1.34,8.7,9.53,9.06,7.38,2.54,5.37,6.12,5.96,7.66,5.63,7.64,8.54,5.29,4.59,7.21,2.15,5.67,11.58,2.27,4.41,2.5,6.53,5.53,4.19,1.64,7.87,32.37,34.37,35.17,27.85,30.44,100.0,34.31,31.72,28.48,32.61,32.07,26.85,34.06
76 - Zhang (2006),3.37,1.83,5.99,6.92,8.27,5.32,6.48,3.76,6.02,6.17,2.15,5.74,4.26,3.73,6.2,2.04,4.94,6.42,4.26,4.56,6.67,4.6,4.52,3.74,10.43,6.25,5.37,4.22,6.31,7.52,5.88,3.66,6.06,4.2,8.99,5.12,2.69,7.82,5.98,2.34,4.17,8.94,1.61,9.11,7.43,7.91,7.98,2.68,5.48,6.68,6.6,7.76,4.53,14.61,3.95,5.67,3.86,7.19,1.22,5.31,8.4,2.37,5.43,2.36,6.66,6.0,2.7,1.62,5.66,30.61,30.98,31.32,26.77,26.95,34.31,100.0,38.11,33.2,29.51,28.23,27.09,28.72
77 - Sumida et Kawata (2021),2.61,2.14,3.96,7.47,6.47,6.04,5.03,3.8,5.54,5.37,1.73,6.35,5.74,3.31,5.99,2.4,5.62,6.67,7.99,6.85,5.53,4.33,6.26,3.95,8.89,7.01,6.02,3.26,8.55,6.16,4.9,2.33,6.45,3.59,8.93,4.03,3.21,6.04,3.78,3.42,3.61,4.69,1.62,10.9,6.56,9.0,10.25,3.76,4.87,7.93,5.92,7.81,4.66,6.68,4.38,4.03,2.82,4.76,3.1,9.49,7.35,3.15,7.51,2.29,5.08,6.75,3.43,2.46,5.53,32.6,31.71,42.99,26.26,26.64,31.72,38.11,100.0,46.88,30.16,27.57,26.03,30.61
78 - Burger (2011),2.32,2.9,0.73,2.55,2.49,2.03,1.54,3.3,2.24,2.09,1.28,4.62,3.64,3.07,1.63,3.35,1.43,1.85,1.62,1.52,2.62,1.5,5.54,2.57,4.73,3.0,4.64,2.48,2.09,3.9,2.04,2.72,2.74,3.34,4.71,2.52,1.69,2.08,3.44,1.84,2.65,1.99,1.19,5.64,2.68,2.7,4.07,2.68,2.13,2.43,3.32,3.37,2.49,2.56,3.96,5.46,1.24,1.69,1.51,2.48,3.42,3.3,1.84,1.32,1.16,3.04,2.61,1.05,1.22,28.59,26.18,39.98,26.66,27.11,28.48,33.2,46.88,100.0,26.46,28.39,26.72,26.75
79 - Foueka (2020),4.95,4.4,5.01,12.22,10.37,5.74,5.48,3.86,7.07,7.14,2.69,3.98,2.69,3.86,6.84,2.39,4.35,5.32,4.45,7.39,5.51,6.82,4.49,5.5,7.91,5.7,5.0,4.85,7.38,8.23,5.61,4.15,9.72,4.86,6.56,2.57,4.17,7.26,4.81,4.85,3.05,4.91,1.29,7.88,8.92,9.02,11.09,2.83,7.91,7.21,7.47,7.82,4.74,5.65,5.12,5.09,3.86,5.37,2.75,5.89,6.77,4.67,9.23,2.9,6.17,5.92,4.51,2.21,6.69,29.06,30.3,32.06,26.45,27.4,32.61,29.51,30.16,26.46,100.0,28.03,25.17,29.26
80 - Kanyongo et Ayieko (2017),3.23,3.4,1.78,4.52,1.95,4.3,2.18,3.55,2.85,3.0,2.35,4.49,2.03,7.14,2.32,3.36,1.89,3.25,1.83,2.85,2.89,2.94,5.08,4.82,7.17,3.71,5.28,7.82,5.03,4.4,2.6,3.6,3.93,4.0,4.04,3.42,7.46,2.34,11.21,5.56,4.65,2.44,1.2,4.48,5.58,5.14,6.13,3.06,4.89,4.68,3.54,2.29,2.22,3.19,3.67,5.85,2.42,4.24,2.96,4.2,4.76,3.93,2.69,4.25,2.08,3.87,3.62,2.71,1.92,27.61,27.93,28.52,27.81,27.64,32.07,28.23,27.57,28.39,28.03,100.0,27.91,28.69
81 - Spaull (2013),2.96,2.56,1.4,2.37,2.86,4.46,2.63,2.87,2.3,2.38,1.73,3.08,1.97,4.48,1.8,1.93,2.56,2.78,1.65,2.08,2.53,2.71,4.36,9.68,5.07,3.28,3.05,4.22,2.04,3.21,2.36,3.13,2.48,2.87,4.47,2.65,3.88,2.3,3.12,2.54,11.14,5.29,5.56,2.36,3.73,3.17,3.37,2.33,2.31,2.25,3.2,2.84,2.95,2.58,3.28,10.03,1.61,4.26,8.12,3.21,2.62,2.95,1.78,1.95,2.25,4.24,5.74,1.7,1.99,25.9,26.05,26.22,31.65,25.68,26.85,27.09,26.03,26.72,25.17,27.91,100.0,24.75
